type Mesh
name Cube
vertexCount 98
vert 1.000000 1.000000 -1.000000
vert 1.000000 -1.000000 -1.000000
vert -1.000000 -1.000000 -1.000000
vert -1.000000 1.000000 -1.000000
vert 1.000000 0.999999 1.000000
vert 0.999999 -1.000001 1.000000
vert -1.000000 -1.000000 1.000000
vert -1.000000 1.000000 1.000000
vert 1.000000 -0.000000 -1.000000
vert 0.000000 1.000000 -1.000000
vert 1.000000 1.000000 0.000000
vert -0.000000 -1.000000 -1.000000
vert 1.000000 -1.000000 0.000000
vert -1.000000 0.000000 -1.000000
vert -1.000000 -1.000000 0.000000
vert -1.000000 1.000000 0.000000
vert 1.000000 -0.000001 1.000000
vert 0.000000 1.000000 1.000000
vert -0.000001 -1.000000 1.000000
vert -1.000000 0.000000 1.000000
vert 0.000000 0.000000 -1.000000
vert -0.000000 -0.000000 1.000000
vert 1.000000 -0.000000 0.000000
vert -0.000000 -1.000000 0.000000
vert -1.000000 0.000000 0.000000
vert 0.000000 1.000000 0.000000
vert 1.000000 0.500000 -1.000000
vert 1.000000 -0.500000 -1.000000
vert 0.500000 1.000000 -1.000000
vert -0.500000 1.000000 -1.000000
vert 1.000000 1.000000 -0.500000
vert 1.000000 1.000000 0.500000
vert 0.500000 -1.000000 -1.000000
vert -0.500000 -1.000000 -1.000000
vert 1.000000 -1.000000 -0.500000
vert 1.000000 -1.000000 0.500000
vert -1.000000 -0.500000 -1.000000
vert -1.000000 0.500000 -1.000000
vert -1.000000 -1.000000 -0.500000
vert -1.000000 -1.000000 0.500000
vert -1.000000 1.000000 -0.500000
vert -1.000000 1.000000 0.500000
vert 1.000000 0.499999 1.000000
vert 1.000000 -0.500001 1.000000
vert 0.500000 1.000000 1.000000
vert -0.500000 1.000000 1.000000
vert 0.499999 -1.000000 1.000000
vert -0.500000 -1.000000 1.000000
vert -1.000000 -0.500000 1.000000
vert -1.000000 0.500000 1.000000
vert 0.000000 -0.500000 -1.000000
vert 0.500000 0.000000 -1.000000
vert 0.000000 0.500000 -1.000000
vert -0.500000 0.000000 -1.000000
vert -0.500000 -0.000000 1.000000
vert 0.000000 0.500000 1.000000
vert 0.500000 -0.000000 1.000000
vert -0.000000 -0.500000 1.000000
vert 1.000000 -0.000000 0.500000
vert 1.000000 0.500000 0.000000
vert 1.000000 -0.000000 -0.500000
vert 1.000000 -0.500000 0.000000
vert -0.000000 -1.000000 0.500000
vert 0.500000 -1.000000 0.000000
vert -0.000000 -1.000000 -0.500000
vert -0.500000 -1.000000 0.000000
vert -1.000000 0.000000 0.500000
vert -1.000000 -0.500000 0.000000
vert -1.000000 0.000000 -0.500000
vert -1.000000 0.500000 0.000000
vert 0.000000 1.000000 -0.500000
vert 0.500000 1.000000 0.000000
vert 0.000000 1.000000 0.500000
vert -0.500000 1.000000 0.000000
vert 0.500000 -0.500000 -1.000000
vert 0.500000 0.500000 -1.000000
vert -0.500000 -0.500000 -1.000000
vert -0.500000 0.500000 -1.000000
vert -0.500000 0.500000 1.000000
vert 0.500000 0.500000 1.000000
vert -0.500000 -0.500000 1.000000
vert 0.500000 -0.500000 1.000000
vert 1.000000 0.500000 0.500000
vert 1.000000 0.500000 -0.500000
vert 1.000000 -0.500000 0.500000
vert 1.000000 -0.500000 -0.500000
vert 0.500000 -1.000000 0.500000
vert 0.500000 -1.000000 -0.500000
vert -0.500000 -1.000000 0.500000
vert -0.500000 -1.000000 -0.500000
vert -1.000000 -0.500000 0.500000
vert -1.000000 -0.500000 -0.500000
vert -1.000000 0.500000 0.500000
vert -1.000000 0.500000 -0.500000
vert 0.500000 1.000000 -0.500000
vert 0.500000 1.000000 0.500000
vert -0.500000 1.000000 -0.500000
vert -0.500000 1.000000 0.500000
vertexGroup first
vertexIndexCount 96
face 44 95 17
face 95 72 17
face 95 71 25
face 95 25 72
face 4 31 44
face 31 95 44
face 31 10 95
face 10 71 95
face 71 94 25
face 94 70 25
face 94 28 9
face 94 9 70
face 10 30 71
face 30 94 71
face 30 0 94
face 0 28 94
face 32 87 11
face 87 64 11
face 87 63 64
face 63 23 64
face 1 34 32
face 34 87 32
face 34 12 87
face 12 63 87
face 63 86 23
face 86 62 23
face 86 46 62
face 46 18 62
face 12 35 63
face 35 86 63
face 35 5 86
face 5 46 86
face 27 85 1
face 85 34 1
face 85 61 34
face 61 12 34
face 8 60 27
face 60 85 27
face 60 22 85
face 22 61 85
face 61 84 12
face 84 35 12
face 84 43 35
face 43 5 35
face 22 58 61
face 58 84 61
face 58 16 84
face 16 43 84
face 26 83 8
face 83 60 8
face 83 59 60
face 59 22 60
face 0 30 26
face 30 83 26
face 30 10 83
face 10 59 83
face 59 82 22
face 82 58 22
face 82 42 58
face 42 16 58
face 10 31 59
face 31 82 59
face 31 4 82
face 4 42 82
face 43 81 46
face 43 46 5
face 81 57 18
face 81 18 46
face 16 56 81
face 16 81 43
face 56 21 57
face 56 57 81
face 42 79 16
face 79 56 16
face 79 55 56
face 55 21 56
face 4 44 79
face 4 79 42
face 44 17 55
face 44 55 79
face 28 75 52
face 28 52 9
face 75 51 20
face 75 20 52
face 0 26 75
face 0 75 28
face 26 8 51
face 26 51 75
face 51 74 50
face 51 50 20
face 74 32 11
face 74 11 50
face 8 27 74
face 8 74 51
face 27 1 32
face 27 32 74
end
vertexGroup second
vertexIndexCount 96
face 45 97 41
face 45 41 7
face 97 73 15
face 97 15 41
face 17 72 97
face 17 97 45
face 72 25 73
face 72 73 97
face 73 96 40
face 73 40 15
face 96 29 3
face 96 3 40
face 25 70 96
face 25 96 73
face 70 9 29
face 70 29 96
face 37 93 40
face 37 40 3
face 93 69 15
face 93 15 40
face 13 68 93
face 13 93 37
face 68 24 69
face 68 69 93
face 69 92 41
face 69 41 15
face 92 49 7
face 92 7 41
face 24 66 92
face 24 92 69
face 66 19 49
face 66 49 92
face 36 91 68
face 36 68 13
face 91 67 24
face 91 24 68
face 2 38 91
face 2 91 36
face 38 14 67
face 38 67 91
face 67 90 66
face 67 66 24
face 90 48 19
face 90 19 66
face 14 39 90
face 14 90 67
face 39 6 48
face 39 48 90
face 33 89 2
face 89 38 2
face 89 65 14
face 89 14 38
face 11 64 33
face 64 89 33
face 64 23 89
face 23 65 89
face 65 88 39
face 65 39 14
face 88 47 39
face 47 6 39
face 23 62 65
face 62 88 65
face 62 18 88
face 18 47 88
face 57 80 47
face 57 47 18
face 80 48 6
face 80 6 47
face 21 54 80
face 21 80 57
face 54 19 48
face 54 48 80
face 55 78 54
face 55 54 21
face 78 49 19
face 78 19 54
face 17 45 78
face 17 78 55
face 45 7 49
face 45 49 78
face 29 77 37
face 29 37 3
face 77 53 13
face 77 13 37
face 9 52 77
face 9 77 29
face 52 20 53
face 52 53 77
face 53 76 36
face 53 36 13
face 76 33 2
face 76 2 36
face 20 50 76
face 20 76 53
face 50 11 76
face 11 33 76
end
end
