type Mesh
name Wall
vertexCount 36
vert -8.270148 10.839375 0.226037
vert -8.270144 -10.839375 0.226038
vert 8.270144 10.839375 0.226038
vert -8.270144 -10.839375 0.226038
vert 8.270141 -10.839375 0.226038
vert 8.270144 10.839375 0.226038
vert 8.270144 -10.839375 -0.226038
vert 8.270148 10.839375 -0.226038
vert 8.270144 10.839375 0.226038
vert 8.270144 -10.839375 -0.226038
vert 8.270144 10.839375 0.226038
vert 8.270141 -10.839375 0.226038
vert -8.270144 -10.839375 -0.226038
vert -8.270140 10.839375 -0.226038
vert 8.270144 -10.839375 -0.226038
vert -8.270140 10.839375 -0.226038
vert 8.270148 10.839375 -0.226038
vert 8.270144 -10.839375 -0.226038
vert -8.270144 -10.839375 0.226038
vert -8.270148 10.839375 0.226037
vert -8.270140 10.839375 -0.226038
vert -8.270144 -10.839375 0.226038
vert -8.270140 10.839375 -0.226038
vert -8.270144 -10.839375 -0.226038
vert -8.270148 10.839375 0.226037
vert 8.270144 10.839375 0.226038
vert -8.270140 10.839375 -0.226038
vert 8.270144 10.839375 0.226038
vert 8.270148 10.839375 -0.226038
vert -8.270140 10.839375 -0.226038
vert -8.270144 -10.839375 0.226038
vert -8.270144 -10.839375 -0.226038
vert 8.270141 -10.839375 0.226038
vert -8.270144 -10.839375 -0.226038
vert 8.270144 -10.839375 -0.226038
vert 8.270141 -10.839375 0.226038

norm -0.000000 0.000000 1.000000
norm -0.000000 0.000000 1.000000
norm -0.000000 0.000000 1.000000
norm -0.000000 0.000000 1.000000
norm -0.000000 0.000000 1.000000
norm -0.000000 0.000000 1.000000
norm 1.000000 -0.000000 0.000011
norm 1.000000 -0.000000 0.000011
norm 1.000000 -0.000000 0.000011
norm 1.000000 -0.000000 0.000008
norm 1.000000 -0.000000 0.000008
norm 1.000000 -0.000000 0.000008
norm 0.000000 -0.000000 -1.000000
norm 0.000000 -0.000000 -1.000000
norm 0.000000 -0.000000 -1.000000
norm 0.000000 -0.000000 -1.000000
norm 0.000000 -0.000000 -1.000000
norm 0.000000 -0.000000 -1.000000
norm -1.000000 -0.000000 -0.000019
norm -1.000000 -0.000000 -0.000019
norm -1.000000 -0.000000 -0.000019
norm -1.000000 0.000000 0.000000
norm -1.000000 0.000000 0.000000
norm -1.000000 0.000000 0.000000
norm 0.000000 1.000000 -0.000000
norm 0.000000 1.000000 -0.000000
norm 0.000000 1.000000 -0.000000
norm -0.000000 1.000000 -0.000000
norm -0.000000 1.000000 -0.000000
norm -0.000000 1.000000 -0.000000
norm -0.000000 -1.000000 0.000000
norm -0.000000 -1.000000 0.000000
norm -0.000000 -1.000000 0.000000
norm -0.000000 -1.000000 -0.000000
norm -0.000000 -1.000000 -0.000000
norm -0.000000 -1.000000 -0.000000
vertexGroup Group
vertexIndexCount 12
face 0 1 2
face 3 4 5
face 6 7 8
face 9 10 11
face 12 13 14
face 15 16 17
face 18 19 20
face 21 22 23
face 24 25 26
face 27 28 29
face 30 31 32
face 33 34 35
end
end
