type Mesh
name Washer
vertexCount 384
vert 0.000000 -0.206267 -0.000000
vert -0.528095 -0.206267 0.528095
vert -0.620975 -0.206267 0.414922
vert 0.000000 0.206267 -0.000000
vert -0.620975 0.206267 0.414921
vert -0.528096 0.206267 0.528094
vert 0.000000 -0.206267 -0.000000
vert -0.620975 -0.206267 0.414922
vert -0.689990 -0.206267 0.285803
vert 0.000000 0.206267 -0.000000
vert -0.689991 0.206267 0.285802
vert -0.620975 0.206267 0.414921
vert 0.000000 -0.206267 -0.000000
vert -0.689990 -0.206267 0.285803
vert -0.732490 -0.206267 0.145701
vert 0.000000 0.206267 -0.000000
vert -0.732490 0.206267 0.145699
vert -0.689991 0.206267 0.285802
vert 0.000000 -0.206267 -0.000000
vert -0.732490 -0.206267 0.145701
vert -0.746840 -0.206267 -0.000000
vert 0.000000 0.206267 -0.000000
vert -0.746840 0.206267 -0.000002
vert -0.732490 0.206267 0.145699
vert 0.000000 -0.206267 -0.000000
vert -0.746840 -0.206267 -0.000000
vert -0.732490 -0.206267 -0.145701
vert 0.000000 0.206267 -0.000000
vert -0.732489 0.206267 -0.145703
vert -0.746840 0.206267 -0.000002
vert 0.000000 -0.206267 -0.000000
vert -0.732490 -0.206267 -0.145701
vert -0.689990 -0.206267 -0.285803
vert 0.000000 0.206267 -0.000000
vert -0.689990 0.206267 -0.285804
vert -0.732489 0.206267 -0.145703
vert 0.000000 -0.206267 -0.000000
vert -0.689990 -0.206267 -0.285803
vert -0.620975 -0.206267 -0.414922
vert 0.000000 0.206267 -0.000000
vert -0.620974 0.206267 -0.414923
vert -0.689990 0.206267 -0.285804
vert 0.000000 -0.206267 -0.000000
vert -0.620975 -0.206267 -0.414922
vert -0.528095 -0.206267 -0.528096
vert 0.000000 0.206267 -0.000000
vert -0.528095 0.206267 -0.528096
vert -0.620974 0.206267 -0.414923
vert 0.000000 -0.206267 -0.000000
vert -0.528095 -0.206267 -0.528096
vert -0.414922 -0.206267 -0.620975
vert 0.000000 0.206267 -0.000000
vert -0.414922 0.206267 -0.620975
vert -0.528095 0.206267 -0.528096
vert 0.000000 -0.206267 -0.000000
vert -0.414922 -0.206267 -0.620975
vert -0.285803 -0.206267 -0.689990
vert 0.000000 0.206267 -0.000000
vert -0.285803 0.206267 -0.689990
vert -0.414922 0.206267 -0.620975
vert 0.000000 -0.206267 -0.000000
vert -0.285803 -0.206267 -0.689990
vert -0.145701 -0.206267 -0.732490
vert 0.000000 0.206267 -0.000000
vert -0.145702 0.206267 -0.732490
vert -0.285803 0.206267 -0.689990
vert 0.000000 -0.206267 -0.000000
vert -0.145701 -0.206267 -0.732490
vert 0.000000 -0.206267 -0.746840
vert 0.000000 0.206267 -0.000000
vert -0.000001 0.206267 -0.746840
vert -0.145702 0.206267 -0.732490
vert 0.000000 -0.206267 -0.000000
vert 0.000000 -0.206267 -0.746840
vert 0.145702 -0.206267 -0.732490
vert 0.000000 0.206267 -0.000000
vert 0.145700 0.206267 -0.732490
vert -0.000001 0.206267 -0.746840
vert 0.000000 -0.206267 -0.000000
vert 0.145702 -0.206267 -0.732490
vert 0.285804 -0.206267 -0.689990
vert 0.000000 0.206267 -0.000000
vert 0.285802 0.206267 -0.689991
vert 0.145700 0.206267 -0.732490
vert 0.000000 -0.206267 -0.000000
vert 0.285804 -0.206267 -0.689990
vert 0.414923 -0.206267 -0.620975
vert 0.000000 0.206267 -0.000000
vert 0.414921 0.206267 -0.620976
vert 0.285802 0.206267 -0.689991
vert 0.000000 -0.206267 -0.000000
vert 0.414923 -0.206267 -0.620975
vert 0.528096 -0.206267 -0.528095
vert 0.000000 0.206267 -0.000000
vert 0.528094 0.206267 -0.528097
vert 0.414921 0.206267 -0.620976
vert 0.000000 -0.206267 -0.000000
vert 0.528096 -0.206267 -0.528095
vert 0.620975 -0.206267 -0.414922
vert 0.000000 0.206267 -0.000000
vert 0.620974 0.206267 -0.414924
vert 0.528094 0.206267 -0.528097
vert 0.000000 -0.206267 -0.000000
vert 0.620975 -0.206267 -0.414922
vert 0.689991 -0.206267 -0.285803
vert 0.000000 0.206267 -0.000000
vert 0.689989 0.206267 -0.285806
vert 0.620974 0.206267 -0.414924
vert 0.000000 -0.206267 -0.000000
vert 0.689991 -0.206267 -0.285803
vert 0.732490 -0.206267 -0.145701
vert 0.000000 0.206267 -0.000000
vert 0.732489 0.206267 -0.145704
vert 0.689989 0.206267 -0.285806
vert 0.000000 -0.206267 -0.000000
vert 0.732490 -0.206267 -0.145701
vert 0.746840 -0.206267 0.000001
vert 0.000000 0.206267 -0.000000
vert 0.746840 0.206267 -0.000003
vert 0.732489 0.206267 -0.145704
vert 0.000000 -0.206267 -0.000000
vert 0.746840 -0.206267 0.000001
vert 0.732490 -0.206267 0.145702
vert 0.000000 0.206267 -0.000000
vert 0.732490 0.206267 0.145698
vert 0.746840 0.206267 -0.000003
vert 0.000000 -0.206267 -0.000000
vert 0.732490 -0.206267 0.145702
vert 0.689990 -0.206267 0.285804
vert 0.000000 0.206267 -0.000000
vert 0.689992 0.206267 0.285800
vert 0.732490 0.206267 0.145698
vert 0.000000 -0.206267 -0.000000
vert 0.689990 -0.206267 0.285804
vert 0.620975 -0.206267 0.414923
vert 0.000000 0.206267 -0.000000
vert 0.620977 0.206267 0.414919
vert 0.689992 0.206267 0.285800
vert 0.000000 -0.206267 -0.000000
vert 0.620975 -0.206267 0.414923
vert 0.528095 -0.206267 0.528096
vert 0.000000 0.206267 -0.000000
vert 0.528099 0.206267 0.528093
vert 0.620977 0.206267 0.414919
vert 0.000000 -0.206267 -0.000000
vert 0.528095 -0.206267 0.528096
vert 0.414921 -0.206267 0.620975
vert 0.000000 0.206267 -0.000000
vert 0.414926 0.206267 0.620972
vert 0.528099 0.206267 0.528093
vert 0.000000 -0.206267 -0.000000
vert 0.414921 -0.206267 0.620975
vert 0.285802 -0.206267 0.689990
vert 0.000000 0.206267 -0.000000
vert 0.285808 0.206267 0.689988
vert 0.414926 0.206267 0.620972
vert 0.000000 -0.206267 -0.000000
vert 0.285802 -0.206267 0.689990
vert 0.145700 -0.206267 0.732490
vert 0.000000 0.206267 -0.000000
vert 0.145706 0.206267 0.732489
vert 0.285808 0.206267 0.689988
vert 0.000000 -0.206267 -0.000000
vert 0.145700 -0.206267 0.732490
vert -0.000001 -0.206267 0.746840
vert 0.000000 0.206267 -0.000000
vert 0.000006 0.206267 0.746840
vert 0.145706 0.206267 0.732489
vert 0.000000 -0.206267 -0.000000
vert -0.000001 -0.206267 0.746840
vert -0.145702 -0.206267 0.732489
vert 0.000000 0.206267 -0.000000
vert -0.145695 0.206267 0.732491
vert 0.000006 0.206267 0.746840
vert 0.000000 -0.206267 -0.000000
vert -0.145702 -0.206267 0.732489
vert -0.285804 -0.206267 0.689989
vert 0.000000 0.206267 -0.000000
vert -0.285798 0.206267 0.689992
vert -0.145695 0.206267 0.732491
vert 0.000000 -0.206267 -0.000000
vert -0.285804 -0.206267 0.689989
vert -0.414923 -0.206267 0.620974
vert 0.000000 0.206267 -0.000000
vert -0.414917 0.206267 0.620978
vert -0.285798 0.206267 0.689992
vert -0.414923 -0.206267 0.620974
vert -0.528095 -0.206267 0.528095
vert 0.000000 -0.206267 -0.000000
vert 0.000000 0.206267 -0.000000
vert -0.528096 0.206267 0.528094
vert -0.414917 0.206267 0.620978
vert -0.528096 0.206267 0.528094
vert -0.528095 -0.206267 0.528095
vert -0.414923 -0.206267 0.620974
vert -0.528096 0.206267 0.528094
vert -0.414923 -0.206267 0.620974
vert -0.414917 0.206267 0.620978
vert -0.285804 -0.206267 0.689989
vert -0.285798 0.206267 0.689992
vert -0.414917 0.206267 0.620978
vert -0.285804 -0.206267 0.689989
vert -0.414917 0.206267 0.620978
vert -0.414923 -0.206267 0.620974
vert -0.145702 -0.206267 0.732489
vert -0.145695 0.206267 0.732491
vert -0.285798 0.206267 0.689992
vert -0.145702 -0.206267 0.732489
vert -0.285798 0.206267 0.689992
vert -0.285804 -0.206267 0.689989
vert -0.000001 -0.206267 0.746840
vert 0.000006 0.206267 0.746840
vert -0.145695 0.206267 0.732491
vert -0.000001 -0.206267 0.746840
vert -0.145695 0.206267 0.732491
vert -0.145702 -0.206267 0.732489
vert 0.145700 -0.206267 0.732490
vert 0.145706 0.206267 0.732489
vert 0.000006 0.206267 0.746840
vert 0.145700 -0.206267 0.732490
vert 0.000006 0.206267 0.746840
vert -0.000001 -0.206267 0.746840
vert 0.285802 -0.206267 0.689990
vert 0.285808 0.206267 0.689988
vert 0.145706 0.206267 0.732489
vert 0.285802 -0.206267 0.689990
vert 0.145706 0.206267 0.732489
vert 0.145700 -0.206267 0.732490
vert 0.414921 -0.206267 0.620975
vert 0.414926 0.206267 0.620972
vert 0.285808 0.206267 0.689988
vert 0.414921 -0.206267 0.620975
vert 0.285808 0.206267 0.689988
vert 0.285802 -0.206267 0.689990
vert 0.528095 -0.206267 0.528096
vert 0.528099 0.206267 0.528093
vert 0.414926 0.206267 0.620972
vert 0.528095 -0.206267 0.528096
vert 0.414926 0.206267 0.620972
vert 0.414921 -0.206267 0.620975
vert 0.620975 -0.206267 0.414923
vert 0.620977 0.206267 0.414919
vert 0.528099 0.206267 0.528093
vert 0.620975 -0.206267 0.414923
vert 0.528099 0.206267 0.528093
vert 0.528095 -0.206267 0.528096
vert 0.689990 -0.206267 0.285804
vert 0.689992 0.206267 0.285800
vert 0.620977 0.206267 0.414919
vert 0.689990 -0.206267 0.285804
vert 0.620977 0.206267 0.414919
vert 0.620975 -0.206267 0.414923
vert 0.732490 -0.206267 0.145702
vert 0.732490 0.206267 0.145698
vert 0.689992 0.206267 0.285800
vert 0.732490 -0.206267 0.145702
vert 0.689992 0.206267 0.285800
vert 0.689990 -0.206267 0.285804
vert 0.746840 -0.206267 0.000001
vert 0.746840 0.206267 -0.000003
vert 0.732490 0.206267 0.145698
vert 0.746840 -0.206267 0.000001
vert 0.732490 0.206267 0.145698
vert 0.732490 -0.206267 0.145702
vert 0.732490 -0.206267 -0.145701
vert 0.732489 0.206267 -0.145704
vert 0.746840 0.206267 -0.000003
vert 0.732490 -0.206267 -0.145701
vert 0.746840 0.206267 -0.000003
vert 0.746840 -0.206267 0.000001
vert 0.689991 -0.206267 -0.285803
vert 0.689989 0.206267 -0.285806
vert 0.732489 0.206267 -0.145704
vert 0.689991 -0.206267 -0.285803
vert 0.732489 0.206267 -0.145704
vert 0.732490 -0.206267 -0.145701
vert 0.620975 -0.206267 -0.414922
vert 0.620974 0.206267 -0.414924
vert 0.689989 0.206267 -0.285806
vert 0.620975 -0.206267 -0.414922
vert 0.689989 0.206267 -0.285806
vert 0.689991 -0.206267 -0.285803
vert 0.528096 -0.206267 -0.528095
vert 0.528094 0.206267 -0.528097
vert 0.620974 0.206267 -0.414924
vert 0.528096 -0.206267 -0.528095
vert 0.620974 0.206267 -0.414924
vert 0.620975 -0.206267 -0.414922
vert 0.414923 -0.206267 -0.620975
vert 0.414921 0.206267 -0.620976
vert 0.528094 0.206267 -0.528097
vert 0.414923 -0.206267 -0.620975
vert 0.528094 0.206267 -0.528097
vert 0.528096 -0.206267 -0.528095
vert 0.285804 -0.206267 -0.689990
vert 0.285802 0.206267 -0.689991
vert 0.414921 0.206267 -0.620976
vert 0.285804 -0.206267 -0.689990
vert 0.414921 0.206267 -0.620976
vert 0.414923 -0.206267 -0.620975
vert 0.145702 -0.206267 -0.732490
vert 0.145700 0.206267 -0.732490
vert 0.285802 0.206267 -0.689991
vert 0.145702 -0.206267 -0.732490
vert 0.285802 0.206267 -0.689991
vert 0.285804 -0.206267 -0.689990
vert 0.000000 -0.206267 -0.746840
vert -0.000001 0.206267 -0.746840
vert 0.145700 0.206267 -0.732490
vert 0.000000 -0.206267 -0.746840
vert 0.145700 0.206267 -0.732490
vert 0.145702 -0.206267 -0.732490
vert -0.145701 -0.206267 -0.732490
vert -0.145702 0.206267 -0.732490
vert -0.000001 0.206267 -0.746840
vert -0.145701 -0.206267 -0.732490
vert -0.000001 0.206267 -0.746840
vert 0.000000 -0.206267 -0.746840
vert -0.285803 -0.206267 -0.689990
vert -0.285803 0.206267 -0.689990
vert -0.145702 0.206267 -0.732490
vert -0.285803 -0.206267 -0.689990
vert -0.145702 0.206267 -0.732490
vert -0.145701 -0.206267 -0.732490
vert -0.414922 -0.206267 -0.620975
vert -0.414922 0.206267 -0.620975
vert -0.285803 0.206267 -0.689990
vert -0.414922 -0.206267 -0.620975
vert -0.285803 0.206267 -0.689990
vert -0.285803 -0.206267 -0.689990
vert -0.528095 -0.206267 -0.528096
vert -0.528095 0.206267 -0.528096
vert -0.414922 0.206267 -0.620975
vert -0.528095 -0.206267 -0.528096
vert -0.414922 0.206267 -0.620975
vert -0.414922 -0.206267 -0.620975
vert -0.620975 -0.206267 -0.414922
vert -0.620974 0.206267 -0.414923
vert -0.528095 0.206267 -0.528096
vert -0.620975 -0.206267 -0.414922
vert -0.528095 0.206267 -0.528096
vert -0.528095 -0.206267 -0.528096
vert -0.689990 -0.206267 -0.285803
vert -0.689990 0.206267 -0.285804
vert -0.620974 0.206267 -0.414923
vert -0.689990 -0.206267 -0.285803
vert -0.620974 0.206267 -0.414923
vert -0.620975 -0.206267 -0.414922
vert -0.732490 -0.206267 -0.145701
vert -0.732489 0.206267 -0.145703
vert -0.689990 0.206267 -0.285804
vert -0.732490 -0.206267 -0.145701
vert -0.689990 0.206267 -0.285804
vert -0.689990 -0.206267 -0.285803
vert -0.746840 -0.206267 -0.000000
vert -0.746840 0.206267 -0.000002
vert -0.732489 0.206267 -0.145703
vert -0.746840 -0.206267 -0.000000
vert -0.732489 0.206267 -0.145703
vert -0.732490 -0.206267 -0.145701
vert -0.732490 -0.206267 0.145701
vert -0.732490 0.206267 0.145699
vert -0.746840 0.206267 -0.000002
vert -0.732490 -0.206267 0.145701
vert -0.746840 0.206267 -0.000002
vert -0.746840 -0.206267 -0.000000
vert -0.689990 -0.206267 0.285803
vert -0.689991 0.206267 0.285802
vert -0.732490 0.206267 0.145699
vert -0.689990 -0.206267 0.285803
vert -0.732490 0.206267 0.145699
vert -0.732490 -0.206267 0.145701
vert -0.620975 -0.206267 0.414922
vert -0.620975 0.206267 0.414921
vert -0.689991 0.206267 0.285802
vert -0.620975 -0.206267 0.414922
vert -0.689991 0.206267 0.285802
vert -0.689990 -0.206267 0.285803
vert -0.528095 -0.206267 0.528095
vert -0.528096 0.206267 0.528094
vert -0.620975 0.206267 0.414921
vert -0.528095 -0.206267 0.528095
vert -0.620975 0.206267 0.414921
vert -0.620975 -0.206267 0.414922

norm 0.000000 -1.000000 0.000000
norm 0.000000 -1.000000 0.000000
norm 0.000000 -1.000000 0.000000
norm -0.000000 1.000000 0.000000
norm -0.000000 1.000000 0.000000
norm -0.000000 1.000000 0.000000
norm 0.000000 -1.000000 0.000000
norm 0.000000 -1.000000 0.000000
norm 0.000000 -1.000000 0.000000
norm -0.000000 1.000000 0.000000
norm -0.000000 1.000000 0.000000
norm -0.000000 1.000000 0.000000
norm 0.000000 -1.000000 0.000000
norm 0.000000 -1.000000 0.000000
norm 0.000000 -1.000000 0.000000
norm -0.000000 1.000000 0.000000
norm -0.000000 1.000000 0.000000
norm -0.000000 1.000000 0.000000
norm 0.000000 -1.000000 0.000000
norm 0.000000 -1.000000 0.000000
norm 0.000000 -1.000000 0.000000
norm -0.000000 1.000000 0.000000
norm -0.000000 1.000000 0.000000
norm -0.000000 1.000000 0.000000
norm 0.000000 -1.000000 0.000000
norm 0.000000 -1.000000 0.000000
norm 0.000000 -1.000000 0.000000
norm -0.000000 1.000000 0.000000
norm -0.000000 1.000000 0.000000
norm -0.000000 1.000000 0.000000
norm -0.000000 -1.000000 0.000000
norm -0.000000 -1.000000 0.000000
norm -0.000000 -1.000000 0.000000
norm -0.000000 1.000000 0.000000
norm -0.000000 1.000000 0.000000
norm -0.000000 1.000000 0.000000
norm -0.000000 -1.000000 0.000000
norm -0.000000 -1.000000 0.000000
norm -0.000000 -1.000000 0.000000
norm -0.000000 1.000000 0.000000
norm -0.000000 1.000000 0.000000
norm -0.000000 1.000000 0.000000
norm -0.000000 -1.000000 0.000000
norm -0.000000 -1.000000 0.000000
norm -0.000000 -1.000000 0.000000
norm -0.000000 1.000000 0.000000
norm -0.000000 1.000000 0.000000
norm -0.000000 1.000000 0.000000
norm -0.000000 -1.000000 0.000000
norm -0.000000 -1.000000 0.000000
norm -0.000000 -1.000000 0.000000
norm -0.000000 1.000000 0.000000
norm -0.000000 1.000000 0.000000
norm -0.000000 1.000000 0.000000
norm -0.000000 -1.000000 0.000000
norm -0.000000 -1.000000 0.000000
norm -0.000000 -1.000000 0.000000
norm -0.000000 1.000000 0.000000
norm -0.000000 1.000000 0.000000
norm -0.000000 1.000000 0.000000
norm -0.000000 -1.000000 0.000000
norm -0.000000 -1.000000 0.000000
norm -0.000000 -1.000000 0.000000
norm -0.000000 1.000000 0.000000
norm -0.000000 1.000000 0.000000
norm -0.000000 1.000000 0.000000
norm -0.000000 -1.000000 0.000000
norm -0.000000 -1.000000 0.000000
norm -0.000000 -1.000000 0.000000
norm -0.000000 1.000000 0.000000
norm -0.000000 1.000000 0.000000
norm -0.000000 1.000000 0.000000
norm -0.000000 -1.000000 0.000000
norm -0.000000 -1.000000 0.000000
norm -0.000000 -1.000000 0.000000
norm -0.000000 1.000000 -0.000000
norm -0.000000 1.000000 -0.000000
norm -0.000000 1.000000 -0.000000
norm -0.000000 -1.000000 0.000000
norm -0.000000 -1.000000 0.000000
norm -0.000000 -1.000000 0.000000
norm -0.000000 1.000000 -0.000000
norm -0.000000 1.000000 -0.000000
norm -0.000000 1.000000 -0.000000
norm -0.000000 -1.000000 0.000000
norm -0.000000 -1.000000 0.000000
norm -0.000000 -1.000000 0.000000
norm -0.000000 1.000000 -0.000000
norm -0.000000 1.000000 -0.000000
norm -0.000000 1.000000 -0.000000
norm -0.000000 -1.000000 0.000000
norm -0.000000 -1.000000 0.000000
norm -0.000000 -1.000000 0.000000
norm -0.000000 1.000000 -0.000000
norm -0.000000 1.000000 -0.000000
norm -0.000000 1.000000 -0.000000
norm -0.000000 -1.000000 0.000000
norm -0.000000 -1.000000 0.000000
norm -0.000000 -1.000000 0.000000
norm -0.000000 1.000000 -0.000000
norm -0.000000 1.000000 -0.000000
norm -0.000000 1.000000 -0.000000
norm -0.000000 -1.000000 0.000000
norm -0.000000 -1.000000 0.000000
norm -0.000000 -1.000000 0.000000
norm -0.000000 1.000000 -0.000000
norm -0.000000 1.000000 -0.000000
norm -0.000000 1.000000 -0.000000
norm -0.000000 -1.000000 0.000000
norm -0.000000 -1.000000 0.000000
norm -0.000000 -1.000000 0.000000
norm -0.000000 1.000000 -0.000000
norm -0.000000 1.000000 -0.000000
norm -0.000000 1.000000 -0.000000
norm -0.000000 -1.000000 0.000000
norm -0.000000 -1.000000 0.000000
norm -0.000000 -1.000000 0.000000
norm -0.000000 1.000000 -0.000000
norm -0.000000 1.000000 -0.000000
norm -0.000000 1.000000 -0.000000
norm -0.000000 -1.000000 -0.000000
norm -0.000000 -1.000000 -0.000000
norm -0.000000 -1.000000 -0.000000
norm 0.000000 1.000000 0.000000
norm 0.000000 1.000000 0.000000
norm 0.000000 1.000000 0.000000
norm -0.000000 -1.000000 -0.000000
norm -0.000000 -1.000000 -0.000000
norm -0.000000 -1.000000 -0.000000
norm 0.000000 1.000000 0.000000
norm 0.000000 1.000000 0.000000
norm 0.000000 1.000000 0.000000
norm -0.000000 -1.000000 -0.000000
norm -0.000000 -1.000000 -0.000000
norm -0.000000 -1.000000 -0.000000
norm 0.000000 1.000000 0.000000
norm 0.000000 1.000000 0.000000
norm 0.000000 1.000000 0.000000
norm -0.000000 -1.000000 -0.000000
norm -0.000000 -1.000000 -0.000000
norm -0.000000 -1.000000 -0.000000
norm 0.000000 1.000000 0.000000
norm 0.000000 1.000000 0.000000
norm 0.000000 1.000000 0.000000
norm -0.000000 -1.000000 -0.000000
norm -0.000000 -1.000000 -0.000000
norm -0.000000 -1.000000 -0.000000
norm 0.000000 1.000000 0.000000
norm 0.000000 1.000000 0.000000
norm 0.000000 1.000000 0.000000
norm -0.000000 -1.000000 -0.000000
norm -0.000000 -1.000000 -0.000000
norm -0.000000 -1.000000 -0.000000
norm 0.000000 1.000000 0.000000
norm 0.000000 1.000000 0.000000
norm 0.000000 1.000000 0.000000
norm -0.000000 -1.000000 -0.000000
norm -0.000000 -1.000000 -0.000000
norm -0.000000 -1.000000 -0.000000
norm 0.000000 1.000000 0.000000
norm 0.000000 1.000000 0.000000
norm 0.000000 1.000000 0.000000
norm -0.000000 -1.000000 -0.000000
norm -0.000000 -1.000000 -0.000000
norm -0.000000 -1.000000 -0.000000
norm 0.000000 1.000000 0.000000
norm 0.000000 1.000000 0.000000
norm 0.000000 1.000000 0.000000
norm 0.000000 -1.000000 0.000000
norm 0.000000 -1.000000 0.000000
norm 0.000000 -1.000000 0.000000
norm -0.000000 1.000000 0.000000
norm -0.000000 1.000000 0.000000
norm -0.000000 1.000000 0.000000
norm 0.000000 -1.000000 0.000000
norm 0.000000 -1.000000 0.000000
norm 0.000000 -1.000000 0.000000
norm -0.000000 1.000000 0.000000
norm -0.000000 1.000000 0.000000
norm -0.000000 1.000000 0.000000
norm 0.000000 -1.000000 0.000000
norm 0.000000 -1.000000 0.000000
norm 0.000000 -1.000000 0.000000
norm -0.000000 1.000000 0.000000
norm -0.000000 1.000000 0.000000
norm -0.000000 1.000000 0.000000
norm -0.000000 -1.000000 0.000000
norm -0.000000 -1.000000 0.000000
norm -0.000000 -1.000000 0.000000
norm -0.000000 1.000000 0.000000
norm -0.000000 1.000000 0.000000
norm -0.000000 1.000000 0.000000
norm -0.634395 -0.000000 0.773009
norm -0.634395 -0.000000 0.773009
norm -0.634395 -0.000000 0.773009
norm -0.634392 0.000002 0.773012
norm -0.634392 0.000002 0.773012
norm -0.634392 0.000002 0.773012
norm -0.471389 0.000001 0.881926
norm -0.471389 0.000001 0.881926
norm -0.471389 0.000001 0.881926
norm -0.471397 -0.000002 0.881921
norm -0.471397 -0.000002 0.881921
norm -0.471397 -0.000002 0.881921
norm -0.290277 0.000002 0.956943
norm -0.290277 0.000002 0.956943
norm -0.290277 0.000002 0.956943
norm -0.290287 -0.000002 0.956940
norm -0.290287 -0.000002 0.956940
norm -0.290287 -0.000002 0.956940
norm -0.098009 0.000002 0.995186
norm -0.098009 0.000002 0.995186
norm -0.098009 0.000002 0.995186
norm -0.098018 -0.000002 0.995185
norm -0.098018 -0.000002 0.995185
norm -0.098018 -0.000002 0.995185
norm 0.098022 0.000002 0.995184
norm 0.098022 0.000002 0.995184
norm 0.098022 0.000002 0.995184
norm 0.098014 -0.000002 0.995185
norm 0.098014 -0.000002 0.995185
norm 0.098014 -0.000002 0.995185
norm 0.290292 0.000002 0.956938
norm 0.290292 0.000002 0.956938
norm 0.290292 0.000002 0.956938
norm 0.290284 -0.000001 0.956941
norm 0.290284 -0.000001 0.956941
norm 0.290284 -0.000001 0.956941
norm 0.471402 0.000001 0.881918
norm 0.471402 0.000001 0.881918
norm 0.471402 0.000001 0.881918
norm 0.471397 -0.000001 0.881921
norm 0.471397 -0.000001 0.881921
norm 0.471397 -0.000001 0.881921
norm 0.634397 0.000000 0.773008
norm 0.634397 0.000000 0.773008
norm 0.634397 0.000000 0.773008
norm 0.634393 -0.000002 0.773011
norm 0.634393 -0.000002 0.773011
norm 0.634393 -0.000002 0.773011
norm 0.773015 0.000001 0.634388
norm 0.773015 0.000001 0.634388
norm 0.773015 0.000001 0.634388
norm 0.773008 -0.000002 0.634396
norm 0.773008 -0.000002 0.634396
norm 0.773008 -0.000002 0.634396
norm 0.881924 0.000001 0.471392
norm 0.881924 0.000001 0.471392
norm 0.881924 0.000001 0.471392
norm 0.881922 -0.000001 0.471396
norm 0.881922 -0.000001 0.471396
norm 0.881922 -0.000001 0.471396
norm 0.956942 0.000001 0.290279
norm 0.956942 0.000001 0.290279
norm 0.956942 0.000001 0.290279
norm 0.956940 -0.000002 0.290286
norm 0.956940 -0.000002 0.290286
norm 0.956940 -0.000002 0.290286
norm 0.995185 0.000001 0.098015
norm 0.995185 0.000001 0.098015
norm 0.995185 0.000001 0.098015
norm 0.995184 -0.000001 0.098020
norm 0.995184 -0.000001 0.098020
norm 0.995184 -0.000001 0.098020
norm 0.995184 0.000000 -0.098021
norm 0.995184 0.000000 -0.098021
norm 0.995184 0.000000 -0.098021
norm 0.995185 -0.000001 -0.098018
norm 0.995185 -0.000001 -0.098018
norm 0.995185 -0.000001 -0.098018
norm 0.956939 0.000001 -0.290289
norm 0.956939 0.000001 -0.290289
norm 0.956939 0.000001 -0.290289
norm 0.956941 -0.000001 -0.290282
norm 0.956941 -0.000001 -0.290282
norm 0.956941 -0.000001 -0.290282
norm 0.881920 0.000001 -0.471399
norm 0.881920 0.000001 -0.471399
norm 0.881920 0.000001 -0.471399
norm 0.881921 -0.000000 -0.471397
norm 0.881921 -0.000000 -0.471397
norm 0.881921 -0.000000 -0.471397
norm 0.773008 0.000001 -0.634396
norm 0.773008 0.000001 -0.634396
norm 0.773008 0.000001 -0.634396
norm 0.773012 -0.000001 -0.634392
norm 0.773012 -0.000001 -0.634392
norm 0.773012 -0.000001 -0.634392
norm 0.634391 0.000001 -0.773012
norm 0.634391 0.000001 -0.773012
norm 0.634391 0.000001 -0.773012
norm 0.634393 0.000000 -0.773011
norm 0.634393 0.000000 -0.773011
norm 0.634393 0.000000 -0.773011
norm 0.471396 -0.000000 -0.881921
norm 0.471396 -0.000000 -0.881921
norm 0.471396 -0.000000 -0.881921
norm 0.471397 -0.000000 -0.881921
norm 0.471397 -0.000000 -0.881921
norm 0.471397 -0.000000 -0.881921
norm 0.290283 0.000000 -0.956941
norm 0.290283 0.000000 -0.956941
norm 0.290283 0.000000 -0.956941
norm 0.290286 -0.000001 -0.956940
norm 0.290286 -0.000001 -0.956940
norm 0.290286 -0.000001 -0.956940
norm 0.098016 0.000000 -0.995185
norm 0.098016 0.000000 -0.995185
norm 0.098016 0.000000 -0.995185
norm 0.098017 -0.000000 -0.995185
norm 0.098017 -0.000000 -0.995185
norm 0.098017 -0.000000 -0.995185
norm -0.098017 -0.000000 -0.995185
norm -0.098017 -0.000000 -0.995185
norm -0.098017 -0.000000 -0.995185
norm -0.098017 -0.000000 -0.995185
norm -0.098017 -0.000000 -0.995185
norm -0.098017 -0.000000 -0.995185
norm -0.290286 -0.000000 -0.956940
norm -0.290286 -0.000000 -0.956940
norm -0.290286 -0.000000 -0.956940
norm -0.290285 -0.000000 -0.956940
norm -0.290285 -0.000000 -0.956940
norm -0.290285 -0.000000 -0.956940
norm -0.471396 -0.000000 -0.881921
norm -0.471396 -0.000000 -0.881921
norm -0.471396 -0.000000 -0.881921
norm -0.471397 -0.000000 -0.881921
norm -0.471397 -0.000000 -0.881921
norm -0.471397 -0.000000 -0.881921
norm -0.634393 -0.000001 -0.773011
norm -0.634393 -0.000001 -0.773011
norm -0.634393 -0.000001 -0.773011
norm -0.634394 -0.000000 -0.773010
norm -0.634394 -0.000000 -0.773010
norm -0.634394 -0.000000 -0.773010
norm -0.773010 0.000000 -0.634394
norm -0.773010 0.000000 -0.634394
norm -0.773010 0.000000 -0.634394
norm -0.773009 -0.000000 -0.634395
norm -0.773009 -0.000000 -0.634395
norm -0.773009 -0.000000 -0.634395
norm -0.881921 -0.000000 -0.471398
norm -0.881921 -0.000000 -0.471398
norm -0.881921 -0.000000 -0.471398
norm -0.881922 0.000000 -0.471396
norm -0.881922 0.000000 -0.471396
norm -0.881922 0.000000 -0.471396
norm -0.956940 -0.000000 -0.290287
norm -0.956940 -0.000000 -0.290287
norm -0.956940 -0.000000 -0.290287
norm -0.956940 0.000000 -0.290285
norm -0.956940 0.000000 -0.290285
norm -0.956940 0.000000 -0.290285
norm -0.995185 -0.000000 -0.098019
norm -0.995185 -0.000000 -0.098019
norm -0.995185 -0.000000 -0.098019
norm -0.995185 0.000000 -0.098017
norm -0.995185 0.000000 -0.098017
norm -0.995185 0.000000 -0.098017
norm -0.995185 -0.000000 0.098015
norm -0.995185 -0.000000 0.098015
norm -0.995185 -0.000000 0.098015
norm -0.995185 0.000000 0.098017
norm -0.995185 0.000000 0.098017
norm -0.995185 0.000000 0.098017
norm -0.956941 -0.000001 0.290282
norm -0.956941 -0.000001 0.290282
norm -0.956941 -0.000001 0.290282
norm -0.956940 0.000001 0.290286
norm -0.956940 0.000001 0.290286
norm -0.956940 0.000001 0.290286
norm -0.881922 -0.000000 0.471395
norm -0.881922 -0.000000 0.471395
norm -0.881922 -0.000000 0.471395
norm -0.881922 -0.000000 0.471395
norm -0.881922 -0.000000 0.471395
norm -0.881922 -0.000000 0.471395
norm -0.773012 -0.000001 0.634392
norm -0.773012 -0.000001 0.634392
norm -0.773012 -0.000001 0.634392
norm -0.773009 0.000001 0.634395
norm -0.773009 0.000001 0.634395
norm -0.773009 0.000001 0.634395

uv 0.280023 0.280023
uv 0.382649 0.157126
uv 0.404653 0.179509
uv 0.000000 0.642789
uv 0.280023 0.615210
uv 0.280023 0.670369
uv 0.280023 0.280023
uv 0.404653 0.179509
uv 0.421867 0.205754
uv 0.560046 0.082474
uv 0.840069 0.054894
uv 0.840069 0.110054
uv 0.280023 0.280023
uv 0.421867 0.205754
uv 0.433631 0.234854
uv 0.280023 0.862101
uv 0.560045 0.834522
uv 0.560045 0.889681
uv 0.280023 0.280023
uv 0.433631 0.234854
uv 0.439491 0.265689
uv 0.560046 0.000001
uv 0.841423 0.000000
uv 0.836017 0.054894
uv 0.280023 0.280023
uv 0.439491 0.265689
uv 0.439224 0.297075
uv 0.280023 0.724733
uv 0.555993 0.669839
uv 0.561400 0.724733
uv 0.280023 0.280023
uv 0.439224 0.297075
uv 0.432838 0.327806
uv 0.561400 0.587627
uv 0.841423 0.560047
uv 0.841423 0.615206
uv 0.280023 0.280023
uv 0.432838 0.327806
uv 0.420580 0.356700
uv 0.560046 0.137633
uv 0.840068 0.110054
uv 0.840068 0.165213
uv 0.280023 0.280023
uv 0.420580 0.356700
uv 0.402920 0.382648
uv 0.561400 0.807208
uv 0.841423 0.779628
uv 0.841423 0.834787
uv 0.280023 0.280023
uv 0.402920 0.382648
uv 0.380537 0.404652
uv 0.840069 0.477573
uv 0.560046 0.505153
uv 0.560046 0.449993
uv 0.280023 0.280023
uv 0.380537 0.404652
uv 0.354292 0.421867
uv 0.841423 0.696889
uv 0.561400 0.724468
uv 0.561400 0.669309
uv 0.280023 0.280023
uv 0.354292 0.421867
uv 0.325192 0.433631
uv 0.561400 0.779628
uv 0.285429 0.834522
uv 0.280023 0.779628
uv 0.280023 0.280023
uv 0.325192 0.433631
uv 0.294357 0.439491
uv 0.842778 0.889681
uv 0.561400 0.889681
uv 0.566807 0.834787
uv 0.280023 0.280023
uv 0.294357 0.439491
uv 0.262971 0.439224
uv 0.561400 0.724733
uv 0.285429 0.779628
uv 0.280023 0.724734
uv 0.280023 0.280023
uv 0.262971 0.439224
uv 0.232240 0.432838
uv 0.841423 0.560046
uv 0.560046 0.560047
uv 0.565452 0.505153
uv 0.280023 0.280023
uv 0.232240 0.432838
uv 0.203345 0.420580
uv 0.840068 0.367254
uv 0.560046 0.394834
uv 0.560046 0.339674
uv 0.280023 0.280023
uv 0.203345 0.420580
uv 0.177397 0.402920
uv 0.841423 0.972420
uv 0.561400 1.000000
uv 0.561400 0.944841
uv 0.280023 0.280023
uv 0.177397 0.402920
uv 0.155393 0.380537
uv 0.561400 0.972420
uv 0.281377 1.000000
uv 0.281377 0.944841
uv 0.280023 0.280023
uv 0.155393 0.380537
uv 0.138179 0.354291
uv 0.840068 0.422413
uv 0.560046 0.449993
uv 0.560046 0.394834
uv 0.280023 0.280023
uv 0.138179 0.354291
uv 0.126415 0.325192
uv 0.841423 0.752048
uv 0.561400 0.779628
uv 0.561400 0.724468
uv 0.280023 0.280023
uv 0.126415 0.325192
uv 0.120555 0.294356
uv 0.280023 0.808268
uv 0.000000 0.835848
uv 0.000000 0.780689
uv 0.280023 0.280023
uv 0.120555 0.294356
uv 0.120823 0.262970
uv 0.841423 0.275267
uv 0.560046 0.275267
uv 0.565452 0.220373
uv 0.280023 0.280023
uv 0.120823 0.262970
uv 0.127208 0.232239
uv 0.841423 0.917260
uv 0.561400 0.944841
uv 0.561400 0.889681
uv 0.280023 0.280023
uv 0.127208 0.232239
uv 0.139467 0.203345
uv 0.561400 0.917261
uv 0.281377 0.944841
uv 0.281377 0.889681
uv 0.280023 0.280023
uv 0.139467 0.203345
uv 0.157127 0.177397
uv 0.280023 0.753108
uv 0.000000 0.780689
uv 0.000000 0.725529
uv 0.280023 0.280023
uv 0.157127 0.177397
uv 0.179509 0.155393
uv 0.000000 0.697949
uv 0.280023 0.670369
uv 0.280023 0.725529
uv 0.280023 0.280023
uv 0.179509 0.155393
uv 0.205755 0.138179
uv 0.000000 0.863428
uv 0.280023 0.835848
uv 0.280023 0.891008
uv 0.280023 0.280023
uv 0.205755 0.138179
uv 0.234854 0.126415
uv 0.280023 0.614943
uv 0.555993 0.560047
uv 0.561400 0.614941
uv 0.280023 0.280023
uv 0.234854 0.126415
uv 0.265690 0.120555
uv 0.000000 0.891010
uv 0.281378 0.891008
uv 0.275972 0.945902
uv 0.280023 0.280023
uv 0.265690 0.120555
uv 0.297076 0.120822
uv 0.280023 0.669839
uv 0.555993 0.614943
uv 0.561400 0.669837
uv 0.280023 0.280023
uv 0.297076 0.120822
uv 0.327806 0.127208
uv 0.560046 0.284782
uv 0.841423 0.284780
uv 0.836017 0.339674
uv 0.280023 0.280023
uv 0.327806 0.127208
uv 0.356701 0.139466
uv 0.560046 0.192793
uv 0.840068 0.165213
uv 0.840068 0.220373
uv 0.356701 0.139466
uv 0.382649 0.157126
uv 0.280023 0.280023
uv 0.000000 0.587628
uv 0.280023 0.560047
uv 0.280023 0.615210
uv 0.458529 0.062517
uv 0.382649 0.157126
uv 0.356701 0.139466
uv 0.458529 0.062517
uv 0.356701 0.139466
uv 0.412663 0.031870
uv 0.327806 0.127208
uv 0.361702 0.010761
uv 0.412663 0.031870
uv 0.327806 0.127208
uv 0.412663 0.031870
uv 0.356701 0.139466
uv 0.297076 0.120822
uv 0.307602 0.000000
uv 0.361702 0.010761
uv 0.297076 0.120822
uv 0.361702 0.010761
uv 0.327806 0.127208
uv 0.265690 0.120555
uv 0.252443 0.000000
uv 0.307602 0.000000
uv 0.265690 0.120555
uv 0.307602 0.000000
uv 0.297076 0.120822
uv 0.234854 0.126415
uv 0.198343 0.010761
uv 0.252443 0.000000
uv 0.234854 0.126415
uv 0.252443 0.000000
uv 0.265690 0.120555
uv 0.205755 0.138179
uv 0.147382 0.031870
uv 0.198343 0.010761
uv 0.205755 0.138179
uv 0.198343 0.010761
uv 0.234854 0.126415
uv 0.179509 0.155393
uv 0.101519 0.062515
uv 0.147382 0.031870
uv 0.179509 0.155393
uv 0.147382 0.031870
uv 0.205755 0.138179
uv 0.157127 0.177397
uv 0.062515 0.101519
uv 0.101519 0.062515
uv 0.157127 0.177397
uv 0.101519 0.062515
uv 0.179509 0.155393
uv 0.139467 0.203345
uv 0.031870 0.147382
uv 0.062515 0.101519
uv 0.139467 0.203345
uv 0.062515 0.101519
uv 0.157127 0.177397
uv 0.127208 0.232239
uv 0.010761 0.198343
uv 0.031870 0.147382
uv 0.127208 0.232239
uv 0.031870 0.147382
uv 0.139467 0.203345
uv 0.120823 0.262970
uv 0.000000 0.252443
uv 0.010761 0.198343
uv 0.120823 0.262970
uv 0.010761 0.198343
uv 0.127208 0.232239
uv 0.120555 0.294356
uv 0.000000 0.307602
uv 0.000000 0.252443
uv 0.120555 0.294356
uv 0.000000 0.252443
uv 0.120823 0.262970
uv 0.126415 0.325192
uv 0.010761 0.361702
uv 0.000000 0.307602
uv 0.126415 0.325192
uv 0.000000 0.307602
uv 0.120555 0.294356
uv 0.138179 0.354291
uv 0.031869 0.412663
uv 0.010761 0.361702
uv 0.138179 0.354291
uv 0.010761 0.361702
uv 0.126415 0.325192
uv 0.155393 0.380537
uv 0.062514 0.458527
uv 0.031869 0.412663
uv 0.155393 0.380537
uv 0.031869 0.412663
uv 0.138179 0.354291
uv 0.177397 0.402920
uv 0.101518 0.497531
uv 0.062514 0.458527
uv 0.177397 0.402920
uv 0.062514 0.458527
uv 0.155393 0.380537
uv 0.203345 0.420580
uv 0.147381 0.528176
uv 0.101518 0.497531
uv 0.203345 0.420580
uv 0.101518 0.497531
uv 0.177397 0.402920
uv 0.232240 0.432838
uv 0.198342 0.549285
uv 0.147381 0.528176
uv 0.232240 0.432838
uv 0.147381 0.528176
uv 0.203345 0.420580
uv 0.262971 0.439224
uv 0.252442 0.560047
uv 0.198342 0.549285
uv 0.262971 0.439224
uv 0.198342 0.549285
uv 0.232240 0.432838
uv 0.294357 0.439491
uv 0.307602 0.560047
uv 0.252442 0.560047
uv 0.294357 0.439491
uv 0.252442 0.560047
uv 0.262971 0.439224
uv 0.325192 0.433631
uv 0.361702 0.549286
uv 0.307602 0.560047
uv 0.325192 0.433631
uv 0.307602 0.560047
uv 0.294357 0.439491
uv 0.354292 0.421867
uv 0.412663 0.528177
uv 0.361702 0.549286
uv 0.354292 0.421867
uv 0.361702 0.549286
uv 0.325192 0.433631
uv 0.380537 0.404652
uv 0.458527 0.497532
uv 0.412663 0.528177
uv 0.380537 0.404652
uv 0.412663 0.528177
uv 0.354292 0.421867
uv 0.402920 0.382648
uv 0.497531 0.458528
uv 0.458527 0.497532
uv 0.402920 0.382648
uv 0.458527 0.497532
uv 0.380537 0.404652
uv 0.420580 0.356700
uv 0.528176 0.412664
uv 0.497531 0.458528
uv 0.420580 0.356700
uv 0.497531 0.458528
uv 0.402920 0.382648
uv 0.432838 0.327806
uv 0.549285 0.361703
uv 0.528176 0.412664
uv 0.432838 0.327806
uv 0.528176 0.412664
uv 0.420580 0.356700
uv 0.439224 0.297075
uv 0.560046 0.307604
uv 0.549285 0.361703
uv 0.439224 0.297075
uv 0.549285 0.361703
uv 0.432838 0.327806
uv 0.439491 0.265689
uv 0.560046 0.252444
uv 0.560046 0.307604
uv 0.439491 0.265689
uv 0.560046 0.307604
uv 0.439224 0.297075
uv 0.433631 0.234854
uv 0.549285 0.198345
uv 0.560046 0.252444
uv 0.433631 0.234854
uv 0.560046 0.252444
uv 0.439491 0.265689
uv 0.421867 0.205754
uv 0.528176 0.147384
uv 0.549285 0.198345
uv 0.421867 0.205754
uv 0.549285 0.198345
uv 0.433631 0.234854
uv 0.404653 0.179509
uv 0.497532 0.101521
uv 0.528176 0.147384
uv 0.404653 0.179509
uv 0.528176 0.147384
uv 0.421867 0.205754
uv 0.382649 0.157126
uv 0.458529 0.062517
uv 0.497532 0.101521
uv 0.382649 0.157126
uv 0.497532 0.101521
uv 0.404653 0.179509
vertexGroup Group
vertexIndexCount 128
face 0 1 2
face 3 4 5
face 6 7 8
face 9 10 11
face 12 13 14
face 15 16 17
face 18 19 20
face 21 22 23
face 24 25 26
face 27 28 29
face 30 31 32
face 33 34 35
face 36 37 38
face 39 40 41
face 42 43 44
face 45 46 47
face 48 49 50
face 51 52 53
face 54 55 56
face 57 58 59
face 60 61 62
face 63 64 65
face 66 67 68
face 69 70 71
face 72 73 74
face 75 76 77
face 78 79 80
face 81 82 83
face 84 85 86
face 87 88 89
face 90 91 92
face 93 94 95
face 96 97 98
face 99 100 101
face 102 103 104
face 105 106 107
face 108 109 110
face 111 112 113
face 114 115 116
face 117 118 119
face 120 121 122
face 123 124 125
face 126 127 128
face 129 130 131
face 132 133 134
face 135 136 137
face 138 139 140
face 141 142 143
face 144 145 146
face 147 148 149
face 150 151 152
face 153 154 155
face 156 157 158
face 159 160 161
face 162 163 164
face 165 166 167
face 168 169 170
face 171 172 173
face 174 175 176
face 177 178 179
face 180 181 182
face 183 184 185
face 186 187 188
face 189 190 191
face 192 193 194
face 195 196 197
face 198 199 200
face 201 202 203
face 204 205 206
face 207 208 209
face 210 211 212
face 213 214 215
face 216 217 218
face 219 220 221
face 222 223 224
face 225 226 227
face 228 229 230
face 231 232 233
face 234 235 236
face 237 238 239
face 240 241 242
face 243 244 245
face 246 247 248
face 249 250 251
face 252 253 254
face 255 256 257
face 258 259 260
face 261 262 263
face 264 265 266
face 267 268 269
face 270 271 272
face 273 274 275
face 276 277 278
face 279 280 281
face 282 283 284
face 285 286 287
face 288 289 290
face 291 292 293
face 294 295 296
face 297 298 299
face 300 301 302
face 303 304 305
face 306 307 308
face 309 310 311
face 312 313 314
face 315 316 317
face 318 319 320
face 321 322 323
face 324 325 326
face 327 328 329
face 330 331 332
face 333 334 335
face 336 337 338
face 339 340 341
face 342 343 344
face 345 346 347
face 348 349 350
face 351 352 353
face 354 355 356
face 357 358 359
face 360 361 362
face 363 364 365
face 366 367 368
face 369 370 371
face 372 373 374
face 375 376 377
face 378 379 380
face 381 382 383
material Material
end
end
