type Mesh
name Plane.001
vertexCount 36
vert -20.433050 1.000000 21.633966
vert -20.433041 -1.000000 21.633976
vert 20.433037 1.000000 21.633976
vert -20.433041 -1.000000 21.633976
vert 20.433031 -1.000000 21.633984
vert 20.433037 1.000000 21.633976
vert 20.433043 -1.000000 -21.633970
vert 20.433048 1.000000 -21.633966
vert 20.433037 1.000000 21.633976
vert 20.433043 -1.000000 -21.633970
vert 20.433037 1.000000 21.633976
vert 20.433031 -1.000000 21.633984
vert -20.433041 -1.000000 -21.633976
vert -20.433027 1.000000 -21.633987
vert 20.433043 -1.000000 -21.633970
vert -20.433027 1.000000 -21.633987
vert 20.433048 1.000000 -21.633966
vert 20.433043 -1.000000 -21.633970
vert -20.433041 -1.000000 21.633976
vert -20.433050 1.000000 21.633966
vert -20.433041 -1.000000 -21.633976
vert -20.433050 1.000000 21.633966
vert -20.433027 1.000000 -21.633987
vert -20.433041 -1.000000 -21.633976
vert -20.433050 1.000000 21.633966
vert 20.433037 1.000000 21.633976
vert 20.433048 1.000000 -21.633966
vert -20.433050 1.000000 21.633966
vert 20.433048 1.000000 -21.633966
vert -20.433027 1.000000 -21.633987
vert -20.433041 -1.000000 21.633976
vert -20.433041 -1.000000 -21.633976
vert 20.433043 -1.000000 -21.633970
vert -20.433041 -1.000000 21.633976
vert 20.433043 -1.000000 -21.633970
vert 20.433031 -1.000000 21.633984

norm -0.000000 0.000005 1.000000
norm -0.000000 0.000005 1.000000
norm -0.000000 0.000005 1.000000
norm -0.000000 0.000004 1.000000
norm -0.000000 0.000004 1.000000
norm -0.000000 0.000004 1.000000
norm 1.000000 -0.000003 0.000000
norm 1.000000 -0.000003 0.000000
norm 1.000000 -0.000003 0.000000
norm 1.000000 -0.000003 0.000000
norm 1.000000 -0.000003 0.000000
norm 1.000000 -0.000003 0.000000
norm 0.000000 -0.000006 -1.000000
norm 0.000000 -0.000006 -1.000000
norm 0.000000 -0.000006 -1.000000
norm 0.000001 0.000002 -1.000000
norm 0.000001 0.000002 -1.000000
norm 0.000001 0.000002 -1.000000
norm -1.000000 -0.000005 0.000000
norm -1.000000 -0.000005 0.000000
norm -1.000000 -0.000005 0.000000
norm -1.000000 0.000007 -0.000001
norm -1.000000 0.000007 -0.000001
norm -1.000000 0.000007 -0.000001
norm 0.000000 1.000000 0.000000
norm 0.000000 1.000000 0.000000
norm 0.000000 1.000000 0.000000
norm -0.000000 1.000000 -0.000000
norm -0.000000 1.000000 -0.000000
norm -0.000000 1.000000 -0.000000
norm -0.000000 -1.000000 0.000000
norm -0.000000 -1.000000 0.000000
norm -0.000000 -1.000000 0.000000
norm -0.000000 -1.000000 -0.000000
norm -0.000000 -1.000000 -0.000000
norm -0.000000 -1.000000 -0.000000
vertexGroup Group
vertexIndexCount 12
face 0 1 2
face 3 4 5
face 6 7 8
face 9 10 11
face 12 13 14
face 15 16 17
face 18 19 20
face 21 22 23
face 24 25 26
face 27 28 29
face 30 31 32
face 33 34 35
material Material
end
end
