type Mesh
name Cube
vertexCount 236
vert 0.500000 1.000000 0.000000
vert 0.000000 1.000000 0.000000
vert 0.500000 1.000000 0.500000
vert 1.000000 1.000000 0.500000
vert 1.000000 1.000000 0.000000
vert 1.000000 0.999999 1.000000
vert 0.500000 1.000000 -0.500000
vert 0.000000 1.000000 -0.500000
vert 0.000000 1.000000 -1.000000
vert -0.500000 1.000000 -1.000000
vert -1.000000 1.000000 -1.000000
vert -0.500000 1.000000 -0.500000
vert 0.500000 1.000000 -1.000000
vert 1.000000 1.000000 -0.500000
vert 1.000000 1.000000 -1.000000
vert 0.000000 1.000000 0.500000
vert 0.000000 1.000000 1.000000
vert 0.500000 1.000000 1.000000
vert -0.500000 1.000000 0.000000
vert -0.500000 1.000000 0.500000
vert -1.000000 1.000000 0.000000
vert -1.000000 1.000000 0.500000
vert -1.000000 1.000000 1.000000
vert -0.500000 1.000000 1.000000
vert -1.000000 1.000000 -0.500000
vert -1.000000 -0.500000 0.000000
vert -1.000000 0.000000 0.000000
vert -1.000000 -0.500000 -0.500000
vert -1.000000 -1.000000 -0.500000
vert -1.000000 -1.000000 0.000000
vert -1.000000 -1.000000 -1.000000
vert -1.000000 -0.500000 0.500000
vert -1.000000 0.000000 0.500000
vert -1.000000 0.000000 1.000000
vert -1.000000 0.500000 1.000000
vert -1.000000 0.500000 0.500000
vert -1.000000 -0.500000 1.000000
vert -1.000000 -1.000000 0.500000
vert -1.000000 -1.000000 1.000000
vert -1.000000 0.000000 -0.500000
vert -1.000000 0.000000 -1.000000
vert -1.000000 -0.500000 -1.000000
vert -1.000000 0.500000 0.000000
vert -1.000000 0.500000 -0.500000
vert -1.000000 0.500000 -1.000000
vert 0.500000 -1.000000 -0.500000
vert -0.000000 -1.000000 -1.000000
vert 0.500000 -1.000000 -1.000000
vert 1.000000 -1.000000 -0.500000
vert 1.000000 -1.000000 0.000000
vert 1.000000 -1.000000 -1.000000
vert 0.500000 -1.000000 0.000000
vert -0.000000 -1.000000 -0.500000
vert -0.000000 -1.000000 0.000000
vert -0.500000 -1.000000 -0.500000
vert -0.500000 -1.000000 -1.000000
vert 0.499999 -1.000000 0.500000
vert 1.000000 -1.000000 0.500000
vert 0.999999 -1.000001 1.000000
vert -0.000000 -1.000000 0.500000
vert 0.499999 -1.000000 1.000000
vert -0.000001 -1.000000 1.000000
vert -0.500000 -1.000000 0.500000
vert -0.500000 -1.000000 0.000000
vert -0.500000 -1.000000 1.000000
vert 1.000000 0.500000 -0.500000
vert 1.000000 -0.000000 -1.000000
vert 1.000000 0.500000 -1.000000
vert 1.000000 0.500000 0.000000
vert 1.000000 -0.000000 -0.500000
vert 1.000000 -0.000000 0.000000
vert 1.000000 -0.500000 -0.500000
vert 1.000000 -0.500000 -1.000000
vert 1.000000 0.500000 0.500000
vert 1.000000 -0.000000 0.500000
vert 1.000000 0.499999 1.000000
vert 1.000000 -0.000001 1.000000
vert 1.000000 -0.500000 0.500000
vert 1.000000 -0.500000 0.000000
vert 1.000000 -0.500001 1.000000
vert 0.500000 0.500000 1.000000
vert -0.000000 0.500000 1.000000
vert 0.500000 -0.000000 1.000000
vert -0.000000 -0.000000 1.000000
vert 0.500000 -0.500000 1.000000
vert -0.500000 0.500000 1.000000
vert -0.500000 -0.000000 1.000000
vert -0.500000 -0.500000 1.000000
vert -0.000000 -0.500000 1.000000
vert 0.500000 0.000000 -1.000000
vert -0.000000 0.000000 -1.000000
vert 0.500000 0.500000 -1.000000
vert 0.500000 -0.500000 -1.000000
vert -0.000000 -0.500000 -1.000000
vert -0.500000 -0.500000 -1.000000
vert 0.000000 0.500000 -1.000000
vert -0.500000 0.000000 -1.000000
vert -0.500000 0.500000 -1.000000
vert 0.500000 1.000000 0.000000
vert 0.500000 1.000000 0.000000
vert 0.500000 1.000000 0.000000
vert 0.500000 1.000000 -0.500000
vert 0.500000 1.000000 -0.500000
vert 0.500000 1.000000 -0.500000
vert 0.500000 1.000000 0.500000
vert 0.500000 1.000000 0.500000
vert 0.500000 1.000000 0.500000
vert -1.000000 1.000000 1.000000
vert -1.000000 1.000000 0.000000
vert -1.000000 1.000000 -0.500000
vert -1.000000 1.000000 -1.000000
vert -1.000000 0.500000 -0.500000
vert -1.000000 1.000000 -0.500000
vert -1.000000 1.000000 0.000000
vert -1.000000 1.000000 -0.500000
vert -1.000000 0.500000 -0.500000
vert -1.000000 0.500000 -0.500000
vert -1.000000 1.000000 0.500000
vert -1.000000 1.000000 0.000000
vert -1.000000 0.500000 0.500000
vert -1.000000 1.000000 0.500000
vert -1.000000 1.000000 1.000000
vert -1.000000 1.000000 0.500000
vert -1.000000 0.500000 0.500000
vert -1.000000 0.500000 0.500000
vert -1.000000 -1.000000 0.000000
vert -1.000000 -1.000000 -0.500000
vert -1.000000 -1.000000 -0.500000
vert -1.000000 -1.000000 0.000000
vert -1.000000 -1.000000 -0.500000
vert -1.000000 -1.000000 0.500000
vert -1.000000 -1.000000 0.000000
vert -0.500000 -1.000000 0.500000
vert -0.500000 -1.000000 0.500000
vert -1.000000 -1.000000 0.500000
vert -1.000000 -1.000000 0.500000
vert -0.500000 -1.000000 0.500000
vert 1.000000 1.000000 -0.500000
vert 1.000000 1.000000 0.000000
vert 1.000000 1.000000 -0.500000
vert 1.000000 1.000000 -1.000000
vert 1.000000 1.000000 -0.500000
vert 1.000000 0.500000 -0.500000
vert 1.000000 1.000000 0.000000
vert 1.000000 0.500000 -0.500000
vert 1.000000 0.500000 -0.500000
vert 1.000000 1.000000 0.500000
vert 1.000000 0.999999 1.000000
vert 1.000000 1.000000 0.500000
vert 1.000000 1.000000 0.500000
vert 1.000000 1.000000 0.000000
vert 1.000000 0.999999 1.000000
vert 1.000000 -1.000000 0.000000
vert 1.000000 -1.000000 -0.500000
vert 1.000000 -1.000000 -0.500000
vert 1.000000 -1.000000 0.000000
vert 1.000000 -1.000000 -0.500000
vert 1.000000 -1.000000 0.500000
vert 1.000000 -1.000000 0.000000
vert 1.000000 -1.000000 0.500000
vert 1.000000 -1.000000 0.500000
vert 1.000000 -0.000001 1.000000
vert 1.000000 0.499999 1.000000
vert 1.000000 0.499999 1.000000
vert 0.500000 1.000000 1.000000
vert 0.500000 1.000000 1.000000
vert 0.500000 1.000000 1.000000
vert 1.000000 0.499999 1.000000
vert 0.500000 0.500000 1.000000
vert 0.500000 0.500000 1.000000
vert 1.000000 -0.000001 1.000000
vert 0.500000 0.500000 1.000000
vert 1.000000 -0.500001 1.000000
vert 1.000000 -0.500001 1.000000
vert 1.000000 -0.500001 1.000000
vert 1.000000 -0.000001 1.000000
vert -0.500000 1.000000 1.000000
vert -0.500000 1.000000 1.000000
vert -0.500000 1.000000 1.000000
vert -1.000000 0.500000 1.000000
vert -1.000000 0.000000 1.000000
vert -1.000000 0.500000 1.000000
vert -1.000000 0.500000 1.000000
vert -1.000000 0.000000 1.000000
vert 0.499999 -1.000000 1.000000
vert -0.000000 -0.500000 1.000000
vert 0.499999 -1.000000 1.000000
vert 0.499999 -1.000000 1.000000
vert -0.000000 -0.500000 1.000000
vert -0.000000 -0.500000 1.000000
vert -1.000000 -0.500000 1.000000
vert -1.000000 -0.500000 1.000000
vert -1.000000 -0.500000 1.000000
vert -1.000000 0.000000 1.000000
vert 1.000000 0.500000 -1.000000
vert 1.000000 -0.000000 -1.000000
vert 1.000000 0.500000 -1.000000
vert 1.000000 0.500000 -1.000000
vert 1.000000 -0.000000 -1.000000
vert -0.000000 -1.000000 -1.000000
vert -0.500000 -1.000000 -1.000000
vert -1.000000 -1.000000 -1.000000
vert -0.500000 -1.000000 -1.000000
vert -0.000000 -1.000000 -1.000000
vert -0.500000 -1.000000 -1.000000
vert 0.500000 -1.000000 -1.000000
vert -0.000000 -1.000000 -1.000000
vert 0.500000 -0.500000 -1.000000
vert 0.500000 -0.500000 -1.000000
vert 1.000000 -0.500000 -1.000000
vert 0.500000 -1.000000 -1.000000
vert 1.000000 -1.000000 -1.000000
vert 0.500000 -1.000000 -1.000000
vert 1.000000 -0.500000 -1.000000
vert 1.000000 -0.500000 -1.000000
vert 0.500000 -0.500000 -1.000000
vert 1.000000 -0.000000 -1.000000
vert 0.500000 1.000000 -1.000000
vert 0.500000 1.000000 -1.000000
vert 0.500000 1.000000 -1.000000
vert -1.000000 0.000000 -1.000000
vert -1.000000 0.500000 -1.000000
vert -0.500000 0.500000 -1.000000
vert -1.000000 0.500000 -1.000000
vert -1.000000 0.000000 -1.000000
vert -1.000000 0.500000 -1.000000
vert -0.500000 0.500000 -1.000000
vert -0.500000 0.500000 -1.000000
vert -1.000000 -0.500000 -1.000000
vert -1.000000 0.000000 -1.000000
vert -0.500000 -0.500000 -1.000000
vert -1.000000 -0.500000 -1.000000
vert -1.000000 -1.000000 -1.000000
vert -1.000000 -0.500000 -1.000000
vert -0.500000 -0.500000 -1.000000
vert -0.500000 -0.500000 -1.000000

norm 0.000000 1.000000 0.000000
norm 0.000000 1.000000 0.000000
norm 0.000000 1.000000 0.000000
norm 0.707083 0.707083 0.000000
norm 0.707083 0.707083 0.000000
norm 0.666646 0.666646 0.333323
norm 0.000000 1.000000 0.000000
norm 0.000000 1.000000 0.000000
norm 0.000000 0.707083 -0.707083
norm 0.000000 0.707083 -0.707083
norm -0.408246 0.816492 -0.408246
norm 0.000000 1.000000 0.000000
norm 0.000000 0.707083 -0.707083
norm 0.707083 0.707083 0.000000
norm 0.408246 0.408246 -0.816492
norm 0.000000 1.000000 0.000000
norm 0.000000 0.707083 0.707083
norm 0.000000 0.707083 0.707083
norm 0.000000 1.000000 0.000000
norm 0.000000 1.000000 0.000000
norm -0.707083 0.707083 0.000000
norm -0.707083 0.707083 0.000000
norm -0.666646 0.333323 0.666646
norm 0.000000 0.707083 0.707083
norm -0.707083 0.707083 0.000000
norm -1.000000 0.000000 0.000000
norm -1.000000 0.000000 0.000000
norm -1.000000 0.000000 0.000000
norm -0.707083 -0.707083 0.000000
norm -0.707083 -0.707083 0.000000
norm -0.577349 -0.577349 -0.577349
norm -1.000000 0.000000 0.000000
norm -1.000000 0.000000 0.000000
norm -0.707083 0.000000 0.707083
norm -0.707083 0.000000 0.707083
norm -1.000000 0.000000 0.000000
norm -0.707083 0.000000 0.707083
norm -0.707083 -0.707083 0.000000
norm -0.577349 -0.577349 0.577349
norm -1.000000 0.000000 0.000000
norm -0.707083 0.000000 -0.707083
norm -0.707083 0.000000 -0.707083
norm -1.000000 0.000000 0.000000
norm -1.000000 0.000000 0.000000
norm -0.707083 0.000000 -0.707083
norm 0.000000 -1.000000 0.000000
norm 0.000000 -0.707083 -0.707083
norm 0.000000 -0.707083 -0.707083
norm 0.707083 -0.707083 0.000000
norm 0.707083 -0.707083 0.000000
norm 0.816492 -0.408246 -0.408246
norm 0.000000 -1.000000 0.000000
norm 0.000000 -1.000000 0.000000
norm 0.000000 -1.000000 0.000000
norm 0.000000 -1.000000 0.000000
norm 0.000000 -0.707083 -0.707083
norm 0.000000 -1.000000 0.000000
norm 0.707083 -0.707083 0.000000
norm 0.333323 -0.666646 0.666646
norm 0.000000 -1.000000 0.000000
norm 0.000000 -0.707083 0.707083
norm 0.000000 -0.707083 0.707083
norm 0.000000 -1.000000 0.000000
norm 0.000000 -1.000000 0.000000
norm 0.000000 -0.707083 0.707083
norm 1.000000 0.000000 0.000000
norm 0.707083 0.000000 -0.707083
norm 0.707083 0.000000 -0.707083
norm 1.000000 0.000000 0.000000
norm 1.000000 0.000000 0.000000
norm 1.000000 0.000000 0.000000
norm 1.000000 0.000000 0.000000
norm 0.707083 0.000000 -0.707083
norm 1.000000 0.000000 0.000000
norm 1.000000 0.000000 0.000000
norm 0.707083 0.000000 0.707083
norm 0.707083 0.000000 0.707083
norm 1.000000 0.000000 0.000000
norm 1.000000 0.000000 0.000000
norm 0.707083 0.000000 0.707083
norm 0.000000 0.000000 1.000000
norm 0.000000 0.000000 1.000000
norm 0.000000 0.000000 1.000000
norm 0.000000 0.000000 1.000000
norm 0.000000 0.000000 1.000000
norm 0.000000 0.000000 1.000000
norm 0.000000 0.000000 1.000000
norm 0.000000 0.000000 1.000000
norm 0.000000 0.000000 1.000000
norm 0.000000 0.000000 -1.000000
norm 0.000000 0.000000 -1.000000
norm 0.000000 0.000000 -1.000000
norm 0.000000 0.000000 -1.000000
norm 0.000000 0.000000 -1.000000
norm 0.000000 0.000000 -1.000000
norm 0.000000 0.000000 -1.000000
norm 0.000000 0.000000 -1.000000
norm 0.000000 0.000000 -1.000000
norm 0.000000 1.000000 0.000000
norm 0.000000 1.000000 0.000000
norm 0.000000 1.000000 0.000000
norm 0.000000 1.000000 0.000000
norm 0.000000 1.000000 0.000000
norm 0.000000 1.000000 0.000000
norm 0.000000 1.000000 0.000000
norm 0.000000 1.000000 0.000000
norm 0.000000 1.000000 0.000000
norm -0.666646 0.333323 0.666646
norm -0.707083 0.707083 0.000000
norm -0.707083 0.707083 0.000000
norm -0.408246 0.816492 -0.408246
norm -1.000000 0.000000 0.000000
norm -0.707083 0.707083 0.000000
norm -0.707083 0.707083 0.000000
norm -0.707083 0.707083 0.000000
norm -1.000000 0.000000 0.000000
norm -1.000000 0.000000 0.000000
norm -0.707083 0.707083 0.000000
norm -0.707083 0.707083 0.000000
norm -1.000000 0.000000 0.000000
norm -0.707083 0.707083 0.000000
norm -0.666646 0.333323 0.666646
norm -0.707083 0.707083 0.000000
norm -1.000000 0.000000 0.000000
norm -1.000000 0.000000 0.000000
norm -0.707083 -0.707083 0.000000
norm -0.707083 -0.707083 0.000000
norm -0.707083 -0.707083 0.000000
norm -0.707083 -0.707083 0.000000
norm -0.707083 -0.707083 0.000000
norm -0.707083 -0.707083 0.000000
norm -0.707083 -0.707083 0.000000
norm 0.000000 -1.000000 0.000000
norm 0.000000 -1.000000 0.000000
norm -0.707083 -0.707083 0.000000
norm -0.707083 -0.707083 0.000000
norm 0.000000 -1.000000 0.000000
norm 0.707083 0.707083 0.000000
norm 0.707083 0.707083 0.000000
norm 0.707083 0.707083 0.000000
norm 0.408246 0.408246 -0.816492
norm 0.707083 0.707083 0.000000
norm 1.000000 0.000000 0.000000
norm 0.707083 0.707083 0.000000
norm 1.000000 0.000000 0.000000
norm 1.000000 0.000000 0.000000
norm 0.707083 0.707083 0.000000
norm 0.666646 0.666646 0.333323
norm 0.707083 0.707083 0.000000
norm 0.707083 0.707083 0.000000
norm 0.707083 0.707083 0.000000
norm 0.666646 0.666646 0.333323
norm 0.707083 -0.707083 0.000000
norm 0.707083 -0.707083 0.000000
norm 0.707083 -0.707083 0.000000
norm 0.707083 -0.707083 0.000000
norm 0.707083 -0.707083 0.000000
norm 0.707083 -0.707083 0.000000
norm 0.707083 -0.707083 0.000000
norm 0.707083 -0.707083 0.000000
norm 0.707083 -0.707083 0.000000
norm 0.707083 0.000000 0.707083
norm 0.707083 0.000000 0.707083
norm 0.707083 0.000000 0.707083
norm 0.000000 0.707083 0.707083
norm 0.000000 0.707083 0.707083
norm 0.000000 0.707083 0.707083
norm 0.707083 0.000000 0.707083
norm 0.000000 0.000000 1.000000
norm 0.000000 0.000000 1.000000
norm 0.707083 0.000000 0.707083
norm 0.000000 0.000000 1.000000
norm 0.707083 0.000000 0.707083
norm 0.707083 0.000000 0.707083
norm 0.707083 0.000000 0.707083
norm 0.707083 0.000000 0.707083
norm 0.000000 0.707083 0.707083
norm 0.000000 0.707083 0.707083
norm 0.000000 0.707083 0.707083
norm -0.707083 0.000000 0.707083
norm -0.707083 0.000000 0.707083
norm -0.707083 0.000000 0.707083
norm -0.707083 0.000000 0.707083
norm -0.707083 0.000000 0.707083
norm 0.000000 -0.707083 0.707083
norm 0.000000 0.000000 1.000000
norm 0.000000 -0.707083 0.707083
norm 0.000000 -0.707083 0.707083
norm 0.000000 0.000000 1.000000
norm 0.000000 0.000000 1.000000
norm -0.707083 0.000000 0.707083
norm -0.707083 0.000000 0.707083
norm -0.707083 0.000000 0.707083
norm -0.707083 0.000000 0.707083
norm 0.707083 0.000000 -0.707083
norm 0.707083 0.000000 -0.707083
norm 0.707083 0.000000 -0.707083
norm 0.707083 0.000000 -0.707083
norm 0.707083 0.000000 -0.707083
norm 0.000000 -0.707083 -0.707083
norm 0.000000 -0.707083 -0.707083
norm -0.577349 -0.577349 -0.577349
norm 0.000000 -0.707083 -0.707083
norm 0.000000 -0.707083 -0.707083
norm 0.000000 -0.707083 -0.707083
norm 0.000000 -0.707083 -0.707083
norm 0.000000 -0.707083 -0.707083
norm 0.000000 0.000000 -1.000000
norm 0.000000 0.000000 -1.000000
norm 0.707083 0.000000 -0.707083
norm 0.000000 -0.707083 -0.707083
norm 0.816492 -0.408246 -0.408246
norm 0.000000 -0.707083 -0.707083
norm 0.707083 0.000000 -0.707083
norm 0.707083 0.000000 -0.707083
norm 0.000000 0.000000 -1.000000
norm 0.707083 0.000000 -0.707083
norm 0.000000 0.707083 -0.707083
norm 0.000000 0.707083 -0.707083
norm 0.000000 0.707083 -0.707083
norm -0.707083 0.000000 -0.707083
norm -0.707083 0.000000 -0.707083
norm 0.000000 0.000000 -1.000000
norm -0.707083 0.000000 -0.707083
norm -0.707083 0.000000 -0.707083
norm -0.707083 0.000000 -0.707083
norm 0.000000 0.000000 -1.000000
norm 0.000000 0.000000 -1.000000
norm -0.707083 0.000000 -0.707083
norm -0.707083 0.000000 -0.707083
norm 0.000000 0.000000 -1.000000
norm -0.707083 0.000000 -0.707083
norm -0.577349 -0.577349 -0.577349
norm -0.707083 0.000000 -0.707083
norm 0.000000 0.000000 -1.000000
norm 0.000000 0.000000 -1.000000

uv 0.437500 0.625000
uv 0.375000 0.625000
uv 0.437500 0.562500
uv 0.500000 0.562500
uv 0.500000 0.625000
uv 0.500000 0.500000
uv 0.437500 0.687500
uv 0.375000 0.687500
uv 0.375000 0.750000
uv 0.312500 0.750000
uv 0.250000 0.750000
uv 0.312500 0.687500
uv 0.437500 0.750000
uv 0.500000 0.687500
uv 0.500000 0.750000
uv 0.375000 0.562500
uv 0.375000 0.500000
uv 0.437500 0.500000
uv 0.312500 0.625000
uv 0.312500 0.562500
uv 0.250000 0.625000
uv 0.249999 0.562500
uv 0.249999 0.500000
uv 0.312499 0.500000
uv 0.250000 0.687500
uv 0.187500 0.125000
uv 0.125000 0.125000
uv 0.187500 0.062500
uv 0.250000 0.062500
uv 0.250000 0.125000
uv 0.250000 0.000000
uv 0.187500 0.187500
uv 0.125000 0.187500
uv 0.125000 0.250000
uv 0.062500 0.250000
uv 0.062500 0.187500
uv 0.187500 0.250000
uv 0.249999 0.187500
uv 0.249999 0.250000
uv 0.125000 0.062500
uv 0.125000 0.000000
uv 0.187500 0.000000
uv 0.062500 0.125000
uv 0.062500 0.062500
uv 0.062500 0.000000
uv 0.437499 0.062500
uv 0.374999 0.000000
uv 0.437499 0.000000
uv 0.499999 0.062500
uv 0.499999 0.125000
uv 0.499999 0.000000
uv 0.437499 0.125000
uv 0.374999 0.062500
uv 0.374999 0.125000
uv 0.312499 0.062500
uv 0.312499 0.000000
uv 0.437499 0.187500
uv 0.499999 0.187500
uv 0.499999 0.250000
uv 0.374999 0.187500
uv 0.437499 0.250000
uv 0.374999 0.250000
uv 0.312499 0.187500
uv 0.312499 0.125000
uv 0.312499 0.250000
uv 0.687499 0.062500
uv 0.624999 0.000000
uv 0.687499 0.000000
uv 0.687499 0.125000
uv 0.624999 0.062500
uv 0.624999 0.125000
uv 0.562499 0.062500
uv 0.562499 0.000000
uv 0.687499 0.187500
uv 0.624999 0.187500
uv 0.687499 0.250000
uv 0.624999 0.250000
uv 0.562499 0.187500
uv 0.562499 0.125000
uv 0.562499 0.250000
uv 0.437499 0.437500
uv 0.374999 0.437500
uv 0.437499 0.375000
uv 0.374999 0.375000
uv 0.437499 0.312500
uv 0.312499 0.437500
uv 0.312499 0.375000
uv 0.312499 0.312500
uv 0.374999 0.312500
uv 0.437500 0.875000
uv 0.375000 0.875000
uv 0.437500 0.812500
uv 0.437500 0.937500
uv 0.375000 0.937500
uv 0.312500 0.937500
uv 0.375000 0.812500
uv 0.312500 0.875000
uv 0.312500 0.812500
uv 0.437500 0.625000
uv 0.437500 0.625000
uv 0.437500 0.625000
uv 0.437500 0.687500
uv 0.437500 0.687500
uv 0.437500 0.687500
uv 0.437500 0.562500
uv 0.437500 0.562500
uv 0.437500 0.562500
uv 0.000000 0.250000
uv -0.000000 0.125000
uv 0.000000 0.062500
uv 0.000000 0.000000
uv 0.062500 0.062500
uv 0.000000 0.062500
uv -0.000000 0.125000
uv 0.000000 0.062500
uv 0.062500 0.062500
uv 0.062500 0.062500
uv -0.000000 0.187500
uv -0.000000 0.125000
uv 0.062500 0.187500
uv -0.000000 0.187500
uv 0.000000 0.250000
uv -0.000000 0.187500
uv 0.062500 0.187500
uv 0.062500 0.187500
uv 0.249999 0.125000
uv 0.249999 0.062500
uv 0.249999 0.062500
uv 0.249999 0.125000
uv 0.249999 0.062500
uv 0.249999 0.187500
uv 0.249999 0.125000
uv 0.312499 0.187500
uv 0.312499 0.187500
uv 0.249999 0.187500
uv 0.249999 0.187500
uv 0.312499 0.187500
uv 0.749999 0.062500
uv 0.749999 0.125000
uv 0.749999 0.062500
uv 0.749999 0.000000
uv 0.749999 0.062500
uv 0.687499 0.062500
uv 0.749999 0.125000
uv 0.687499 0.062500
uv 0.687499 0.062500
uv 0.749999 0.187500
uv 0.749999 0.250000
uv 0.749999 0.187500
uv 0.749999 0.187500
uv 0.749999 0.125000
uv 0.749999 0.250000
uv 0.499999 0.125000
uv 0.499999 0.062500
uv 0.499999 0.062500
uv 0.499999 0.125000
uv 0.499999 0.062500
uv 0.499999 0.187500
uv 0.499999 0.125000
uv 0.499999 0.187500
uv 0.499999 0.187500
uv 0.499999 0.375000
uv 0.500000 0.437500
uv 0.500000 0.437500
uv 0.437500 0.500000
uv 0.437500 0.500000
uv 0.437500 0.500000
uv 0.500000 0.437500
uv 0.437500 0.437500
uv 0.437500 0.437500
uv 0.499999 0.375000
uv 0.437500 0.437500
uv 0.499999 0.312500
uv 0.499999 0.312500
uv 0.499999 0.312500
uv 0.499999 0.375000
uv 0.312499 0.500000
uv 0.312499 0.500000
uv 0.312499 0.500000
uv 0.249999 0.437500
uv 0.249999 0.375000
uv 0.249999 0.437500
uv 0.249999 0.437500
uv 0.249999 0.375000
uv 0.437499 0.250000
uv 0.374999 0.312500
uv 0.437499 0.250000
uv 0.437499 0.250000
uv 0.374999 0.312500
uv 0.374999 0.312500
uv 0.249999 0.312500
uv 0.249999 0.312500
uv 0.249999 0.312500
uv 0.249999 0.375000
uv 0.500000 0.812500
uv 0.500000 0.875000
uv 0.500000 0.812500
uv 0.500000 0.812500
uv 0.500000 0.875000
uv 0.375000 1.000000
uv 0.312500 1.000000
uv 0.250000 1.000000
uv 0.312500 1.000000
uv 0.375000 1.000000
uv 0.312500 1.000000
uv 0.437500 1.000000
uv 0.375000 1.000000
uv 0.437500 0.937500
uv 0.437500 0.937500
uv 0.500000 0.937500
uv 0.437500 1.000000
uv 0.500000 1.000000
uv 0.437500 1.000000
uv 0.500000 0.937500
uv 0.500000 0.937500
uv 0.437500 0.937500
uv 0.500000 0.875000
uv 0.437500 0.750000
uv 0.437500 0.750000
uv 0.437500 0.750000
uv 0.250000 0.875000
uv 0.250000 0.812500
uv 0.312500 0.812500
uv 0.250000 0.812500
uv 0.250000 0.875000
uv 0.250000 0.812500
uv 0.312500 0.812500
uv 0.312500 0.812500
uv 0.250000 0.937500
uv 0.250000 0.875000
uv 0.312500 0.937500
uv 0.250000 0.937500
uv 0.250000 1.000000
uv 0.250000 0.937500
uv 0.312500 0.937500
uv 0.312500 0.937500

vertexGroup Group

material mt
texture
path test.jpg
end
end

vertexIndexCount 192
face 0 1 2
face 2 3 0
face 4 0 3
face 3 2 5
face 98 4 6
face 6 7 99
face 1 100 7
face 7 6 8
face 9 10 11
face 11 7 9
face 8 9 7
face 7 11 1
face 12 8 101
face 102 13 12
face 14 12 13
face 13 103 4
face 15 16 17
face 17 104 15
face 1 15 105
face 106 17 5
face 15 1 18
face 18 19 15
face 16 15 19
face 19 18 20
face 21 22 23
face 23 19 21
face 20 21 19
face 19 23 16
face 24 20 18
face 18 11 24
face 10 24 11
face 11 18 1
face 25 26 27
face 27 28 25
face 29 25 28
face 28 27 30
face 25 29 31
face 31 32 25
face 26 25 32
face 32 31 33
face 34 107 35
face 35 32 34
face 33 34 32
face 32 35 26
face 36 33 31
face 31 37 36
face 38 36 37
face 37 31 29
face 39 40 41
face 41 27 39
face 26 39 27
face 27 41 30
face 39 26 42
face 42 43 39
face 40 39 43
face 43 42 108
face 109 110 44
face 44 111 112
face 113 114 115
face 116 44 40
face 117 118 42
face 42 119 120
face 121 122 123
face 124 42 26
face 45 46 47
face 47 48 45
face 49 45 48
face 48 47 50
face 45 49 51
face 51 52 45
face 46 45 52
face 52 51 53
face 54 30 55
face 55 52 54
face 53 54 52
face 52 55 46
face 56 53 51
face 51 57 56
face 58 56 57
face 57 51 49
face 59 53 56
face 56 60 59
face 61 59 60
face 60 56 58
face 59 61 62
face 62 63 59
face 53 59 63
face 63 62 125
face 126 30 54
face 54 63 127
face 128 129 63
face 63 54 53
face 130 131 132
face 133 64 134
face 38 135 64
face 64 136 61
face 65 66 67
face 67 137 65
face 138 65 139
face 67 140 141
face 142 143 68
face 68 69 144
face 66 145 69
face 69 68 70
face 71 50 72
face 72 69 71
face 70 71 69
face 69 72 66
face 73 70 68
face 68 146 73
face 147 73 148
face 149 68 150
face 74 70 73
face 73 75 74
face 76 74 75
face 75 73 151
face 74 76 77
face 77 78 74
face 70 74 78
face 78 77 152
face 153 50 71
face 71 78 154
face 155 156 78
face 78 71 70
face 157 158 77
face 77 79 159
face 58 160 79
face 79 77 76
face 80 161 162
face 163 164 80
face 16 80 165
face 166 167 5
face 168 16 81
face 81 82 169
face 170 171 82
face 82 81 83
face 84 58 172
face 173 82 84
face 83 84 82
face 82 174 175
face 85 83 81
face 81 176 85
face 22 85 177
face 178 81 16
face 86 83 85
face 85 179 86
face 180 86 181
face 182 85 22
face 86 183 87
face 87 88 86
face 83 86 88
face 88 87 61
face 184 58 84
face 84 185 186
face 61 187 188
face 189 84 83
face 64 61 87
face 87 190 64
face 38 64 191
face 192 87 193
face 89 90 91
face 91 194 89
face 195 89 196
face 91 14 197
face 89 198 92
face 92 93 89
face 90 89 93
face 93 92 199
face 200 201 94
face 94 93 202
face 203 204 93
face 93 94 90
face 205 206 207
face 208 209 210
face 211 212 213
face 214 215 216
face 95 8 217
face 218 91 95
face 90 95 91
face 219 14 91
face 95 90 96
face 96 97 95
face 8 95 97
face 97 96 220
face 221 10 9
face 9 222 223
face 224 225 226
face 227 9 8
face 228 229 96
face 96 230 231
face 232 233 234
face 235 96 90
end
end
