type Mesh
name Cube
vertexCount 345
vert -1.000000 -0.500000 -1.000000
vert -1.000000 -0.500000 -0.500000
vert -1.000000 0.000000 -0.500000
vert -1.000000 0.000000 -1.000000
vert -1.000000 -0.500000 0.000000
vert -1.000000 0.000000 0.000000
vert -1.000000 -1.000000 -1.000000
vert -1.000000 -1.000000 -0.500000
vert -1.000000 -1.000000 0.000000
vert -1.000000 -0.500000 0.500000
vert -1.000000 0.000000 0.500000
vert -1.000000 -0.500000 1.000000
vert -1.000000 0.000000 1.000000
vert -1.000000 -1.000000 0.500000
vert -1.000000 -1.000000 1.000000
vert -0.500000 -1.000000 -1.000000
vert -0.500000 -1.000000 -0.500000
vert -0.500000 -1.000000 0.000000
vert -0.000000 -1.000000 -1.000000
vert -0.000000 -1.000000 -0.500000
vert -0.000000 -1.000000 0.000000
vert -0.500000 -1.000000 0.500000
vert -0.500000 -1.000000 1.000000
vert -0.000000 -1.000000 0.500000
vert -0.000001 -1.000000 1.000000
vert 0.500000 -1.000000 -1.000000
vert 0.500000 -1.000000 -0.500000
vert 0.500000 -1.000000 0.000000
vert 1.000000 -1.000000 -1.000000
vert 1.000000 -1.000000 -0.500000
vert 1.000000 -1.000000 0.000000
vert 0.500000 -1.000000 0.500000
vert 0.499999 -1.000000 1.000000
vert 1.000000 -1.000000 0.500000
vert 0.999999 -1.000001 1.000000
vert 1.000000 -0.500000 -1.000000
vert 1.000000 -0.500000 -0.500000
vert 1.000000 -0.500000 0.000000
vert 1.000000 -0.000000 -1.000000
vert 1.000000 -0.000000 -0.500000
vert 1.000000 -0.000000 0.000000
vert 1.000000 -0.500000 0.500000
vert 1.000000 -0.500001 1.000000
vert 1.000000 -0.000000 0.500000
vert 1.000000 -0.000001 1.000000
vert 0.500000 -0.500000 1.000000
vert -0.000000 -0.500000 1.000000
vert 0.500000 -0.000000 1.000000
vert -0.000000 -0.000000 1.000000
vert -0.500000 -0.500000 1.000000
vert -0.500000 -0.000000 1.000000
vert -0.500000 0.000000 -1.000000
vert -0.500000 -0.500000 -1.000000
vert 0.000000 0.000000 -1.000000
vert 0.000000 -0.500000 -1.000000
vert 0.500000 0.000000 -1.000000
vert 0.500000 -0.500000 -1.000000
vert -0.500000 1.000000 1.000000
vert -0.500000 1.000000 0.500000
vert -1.000000 1.000000 0.500000
vert -0.500000 1.000000 1.000000
vert -1.000000 1.000000 0.500000
vert -1.000000 1.000000 1.000000
vert -0.500000 1.000000 0.500000
vert -0.500000 1.000000 0.000000
vert -1.000000 1.000000 0.000000
vert -0.500000 1.000000 0.500000
vert -1.000000 1.000000 0.000000
vert -1.000000 1.000000 0.500000
vert 0.000000 1.000000 1.000000
vert 0.000000 1.000000 0.500000
vert -0.500000 1.000000 0.500000
vert 0.000000 1.000000 1.000000
vert -0.500000 1.000000 0.500000
vert -0.500000 1.000000 1.000000
vert 0.000000 1.000000 0.500000
vert 0.000000 1.000000 0.000000
vert -0.500000 1.000000 0.000000
vert 0.000000 1.000000 0.500000
vert -0.500000 1.000000 0.000000
vert -0.500000 1.000000 0.500000
vert -0.500000 1.000000 0.000000
vert -0.500000 1.000000 -0.500000
vert -1.000000 1.000000 -0.500000
vert -0.500000 1.000000 0.000000
vert -1.000000 1.000000 -0.500000
vert -1.000000 1.000000 0.000000
vert -0.500000 1.000000 -0.500000
vert -0.500000 1.000000 -1.000000
vert -1.000000 1.000000 -1.000000
vert -0.500000 1.000000 -0.500000
vert -1.000000 1.000000 -1.000000
vert -1.000000 1.000000 -0.500000
vert 0.000000 1.000000 0.000000
vert 0.000000 1.000000 -0.500000
vert -0.500000 1.000000 -0.500000
vert 0.000000 1.000000 0.000000
vert -0.500000 1.000000 -0.500000
vert -0.500000 1.000000 0.000000
vert 0.000000 1.000000 -0.500000
vert 0.000000 1.000000 -1.000000
vert -0.500000 1.000000 -1.000000
vert 0.000000 1.000000 -0.500000
vert -0.500000 1.000000 -1.000000
vert -0.500000 1.000000 -0.500000
vert 0.500000 1.000000 1.000000
vert 0.500000 1.000000 0.500000
vert 0.000000 1.000000 1.000000
vert 0.500000 1.000000 0.500000
vert 0.000000 1.000000 0.500000
vert 0.000000 1.000000 1.000000
vert 0.500000 1.000000 0.500000
vert 0.500000 1.000000 0.000000
vert 0.000000 1.000000 0.000000
vert 0.500000 1.000000 0.500000
vert 0.000000 1.000000 0.000000
vert 0.000000 1.000000 0.500000
vert 1.000000 0.999999 1.000000
vert 1.000000 1.000000 0.500000
vert 0.500000 1.000000 1.000000
vert 1.000000 1.000000 0.500000
vert 0.500000 1.000000 0.500000
vert 0.500000 1.000000 1.000000
vert 1.000000 1.000000 0.500000
vert 1.000000 1.000000 0.000000
vert 0.500000 1.000000 0.500000
vert 1.000000 1.000000 0.000000
vert 0.500000 1.000000 0.000000
vert 0.500000 1.000000 0.500000
vert 0.500000 1.000000 0.000000
vert 0.500000 1.000000 -0.500000
vert 0.000000 1.000000 0.000000
vert 0.500000 1.000000 -0.500000
vert 0.000000 1.000000 -0.500000
vert 0.000000 1.000000 0.000000
vert 0.500000 1.000000 -0.500000
vert 0.500000 1.000000 -1.000000
vert 0.000000 1.000000 -1.000000
vert 0.500000 1.000000 -0.500000
vert 0.000000 1.000000 -1.000000
vert 0.000000 1.000000 -0.500000
vert 1.000000 1.000000 0.000000
vert 1.000000 1.000000 -0.500000
vert 0.500000 1.000000 0.000000
vert 1.000000 1.000000 -0.500000
vert 0.500000 1.000000 -0.500000
vert 0.500000 1.000000 0.000000
vert 1.000000 1.000000 -0.500000
vert 1.000000 1.000000 -1.000000
vert 0.500000 1.000000 -0.500000
vert 1.000000 1.000000 -1.000000
vert 0.500000 1.000000 -1.000000
vert 0.500000 1.000000 -0.500000
vert -1.000000 0.500000 -1.000000
vert -1.000000 0.500000 -0.500000
vert -1.000000 1.000000 -0.500000
vert -1.000000 0.500000 -1.000000
vert -1.000000 1.000000 -0.500000
vert -1.000000 1.000000 -1.000000
vert -1.000000 0.500000 -0.500000
vert -1.000000 0.500000 0.000000
vert -1.000000 1.000000 0.000000
vert -1.000000 0.500000 -0.500000
vert -1.000000 1.000000 0.000000
vert -1.000000 1.000000 -0.500000
vert -1.000000 0.000000 -1.000000
vert -1.000000 0.000000 -0.500000
vert -1.000000 0.500000 -0.500000
vert -1.000000 0.000000 -1.000000
vert -1.000000 0.500000 -0.500000
vert -1.000000 0.500000 -1.000000
vert -1.000000 0.000000 -0.500000
vert -1.000000 0.000000 0.000000
vert -1.000000 0.500000 0.000000
vert -1.000000 0.000000 -0.500000
vert -1.000000 0.500000 0.000000
vert -1.000000 0.500000 -0.500000
vert -1.000000 0.500000 0.000000
vert -1.000000 0.500000 0.500000
vert -1.000000 1.000000 0.500000
vert -1.000000 0.500000 0.000000
vert -1.000000 1.000000 0.500000
vert -1.000000 1.000000 0.000000
vert -1.000000 0.500000 0.500000
vert -1.000000 0.500000 1.000000
vert -1.000000 1.000000 1.000000
vert -1.000000 0.500000 0.500000
vert -1.000000 1.000000 1.000000
vert -1.000000 1.000000 0.500000
vert -1.000000 0.000000 0.000000
vert -1.000000 0.000000 0.500000
vert -1.000000 0.500000 0.500000
vert -1.000000 0.000000 0.000000
vert -1.000000 0.500000 0.500000
vert -1.000000 0.500000 0.000000
vert -1.000000 0.000000 0.500000
vert -1.000000 0.000000 1.000000
vert -1.000000 0.500000 1.000000
vert -1.000000 0.000000 0.500000
vert -1.000000 0.500000 1.000000
vert -1.000000 0.500000 0.500000
vert 1.000000 0.500000 -1.000000
vert 1.000000 0.500000 -0.500000
vert 1.000000 -0.000000 -1.000000
vert 1.000000 0.500000 -0.500000
vert 1.000000 -0.000000 -0.500000
vert 1.000000 -0.000000 -1.000000
vert 1.000000 0.500000 -0.500000
vert 1.000000 0.500000 0.000000
vert 1.000000 -0.000000 -0.500000
vert 1.000000 0.500000 0.000000
vert 1.000000 -0.000000 0.000000
vert 1.000000 -0.000000 -0.500000
vert 1.000000 1.000000 -1.000000
vert 1.000000 1.000000 -0.500000
vert 1.000000 0.500000 -1.000000
vert 1.000000 1.000000 -0.500000
vert 1.000000 0.500000 -0.500000
vert 1.000000 0.500000 -1.000000
vert 1.000000 1.000000 -0.500000
vert 1.000000 1.000000 0.000000
vert 1.000000 0.500000 -0.500000
vert 1.000000 1.000000 0.000000
vert 1.000000 0.500000 0.000000
vert 1.000000 0.500000 -0.500000
vert 1.000000 0.500000 0.000000
vert 1.000000 0.500000 0.500000
vert 1.000000 -0.000000 0.000000
vert 1.000000 0.500000 0.500000
vert 1.000000 -0.000000 0.500000
vert 1.000000 -0.000000 0.000000
vert 1.000000 0.500000 0.500000
vert 1.000000 0.499999 1.000000
vert 1.000000 -0.000000 0.500000
vert 1.000000 0.499999 1.000000
vert 1.000000 -0.000001 1.000000
vert 1.000000 -0.000000 0.500000
vert 1.000000 1.000000 0.000000
vert 1.000000 1.000000 0.500000
vert 1.000000 0.500000 0.000000
vert 1.000000 1.000000 0.500000
vert 1.000000 0.500000 0.500000
vert 1.000000 0.500000 0.000000
vert 1.000000 1.000000 0.500000
vert 1.000000 0.999999 1.000000
vert 1.000000 0.500000 0.500000
vert 1.000000 0.999999 1.000000
vert 1.000000 0.499999 1.000000
vert 1.000000 0.500000 0.500000
vert 1.000000 0.499999 1.000000
vert 0.500000 0.500000 1.000000
vert 1.000000 -0.000001 1.000000
vert 0.500000 0.500000 1.000000
vert 0.500000 -0.000000 1.000000
vert 1.000000 -0.000001 1.000000
vert 0.500000 0.500000 1.000000
vert 0.000000 0.500000 1.000000
vert 0.500000 -0.000000 1.000000
vert 0.000000 0.500000 1.000000
vert -0.000000 -0.000000 1.000000
vert 0.500000 -0.000000 1.000000
vert 1.000000 0.999999 1.000000
vert 0.500000 1.000000 1.000000
vert 0.500000 0.500000 1.000000
vert 1.000000 0.999999 1.000000
vert 0.500000 0.500000 1.000000
vert 1.000000 0.499999 1.000000
vert 0.500000 1.000000 1.000000
vert 0.000000 1.000000 1.000000
vert 0.000000 0.500000 1.000000
vert 0.500000 1.000000 1.000000
vert 0.000000 0.500000 1.000000
vert 0.500000 0.500000 1.000000
vert 0.000000 0.500000 1.000000
vert -0.500000 0.500000 1.000000
vert -0.500000 -0.000000 1.000000
vert 0.000000 0.500000 1.000000
vert -0.500000 -0.000000 1.000000
vert -0.000000 -0.000000 1.000000
vert -0.500000 0.500000 1.000000
vert -1.000000 0.500000 1.000000
vert -1.000000 0.000000 1.000000
vert -0.500000 0.500000 1.000000
vert -1.000000 0.000000 1.000000
vert -0.500000 -0.000000 1.000000
vert 0.000000 1.000000 1.000000
vert -0.500000 1.000000 1.000000
vert -0.500000 0.500000 1.000000
vert 0.000000 1.000000 1.000000
vert -0.500000 0.500000 1.000000
vert 0.000000 0.500000 1.000000
vert -0.500000 1.000000 1.000000
vert -1.000000 1.000000 1.000000
vert -1.000000 0.500000 1.000000
vert -0.500000 1.000000 1.000000
vert -1.000000 0.500000 1.000000
vert -0.500000 0.500000 1.000000
vert -0.500000 1.000000 -1.000000
vert -0.500000 0.500000 -1.000000
vert -1.000000 0.500000 -1.000000
vert -0.500000 1.000000 -1.000000
vert -1.000000 0.500000 -1.000000
vert -1.000000 1.000000 -1.000000
vert -0.500000 0.500000 -1.000000
vert -0.500000 0.000000 -1.000000
vert -1.000000 0.000000 -1.000000
vert -0.500000 0.500000 -1.000000
vert -1.000000 0.000000 -1.000000
vert -1.000000 0.500000 -1.000000
vert 0.000000 1.000000 -1.000000
vert 0.000000 0.500000 -1.000000
vert -0.500000 0.500000 -1.000000
vert 0.000000 1.000000 -1.000000
vert -0.500000 0.500000 -1.000000
vert -0.500000 1.000000 -1.000000
vert 0.000000 0.500000 -1.000000
vert 0.000000 0.000000 -1.000000
vert -0.500000 0.000000 -1.000000
vert 0.000000 0.500000 -1.000000
vert -0.500000 0.000000 -1.000000
vert -0.500000 0.500000 -1.000000
vert 0.500000 1.000000 -1.000000
vert 0.500000 0.500000 -1.000000
vert 0.000000 0.500000 -1.000000
vert 0.500000 1.000000 -1.000000
vert 0.000000 0.500000 -1.000000
vert 0.000000 1.000000 -1.000000
vert 0.500000 0.500000 -1.000000
vert 0.500000 0.000000 -1.000000
vert 0.000000 0.000000 -1.000000
vert 0.500000 0.500000 -1.000000
vert 0.000000 0.000000 -1.000000
vert 0.000000 0.500000 -1.000000
vert 1.000000 1.000000 -1.000000
vert 1.000000 0.500000 -1.000000
vert 0.500000 0.500000 -1.000000
vert 1.000000 1.000000 -1.000000
vert 0.500000 0.500000 -1.000000
vert 0.500000 1.000000 -1.000000
vert 1.000000 0.500000 -1.000000
vert 1.000000 -0.000000 -1.000000
vert 0.500000 0.000000 -1.000000
vert 1.000000 0.500000 -1.000000
vert 0.500000 0.000000 -1.000000
vert 0.500000 0.500000 -1.000000

norm -0.707083 0.000000 -0.707083
norm -1.000000 0.000000 0.000000
norm -1.000000 0.000000 0.000000
norm -0.707083 0.000000 -0.707083
norm -1.000000 0.000000 0.000000
norm -1.000000 0.000000 0.000000
norm -0.577349 -0.577349 -0.577349
norm -0.832026 -0.554674 0.000000
norm -0.707083 -0.707083 0.000000
norm -1.000000 0.000000 0.000000
norm -1.000000 0.000000 0.000000
norm -0.707083 0.000000 0.707083
norm -0.707083 0.000000 0.707083
norm -0.599994 -0.799982 0.000000
norm -0.408246 -0.408246 0.816492
norm 0.000000 -0.832026 -0.554674
norm 0.000000 -1.000000 0.000000
norm 0.000000 -1.000000 0.000000
norm 0.000000 -0.599994 -0.799982
norm 0.000000 -1.000000 0.000000
norm 0.000000 -1.000000 0.000000
norm 0.000000 -1.000000 0.000000
norm 0.000000 -0.707083 0.707083
norm 0.000000 -1.000000 0.000000
norm 0.000000 -0.707083 0.707083
norm 0.000000 -0.707083 -0.707083
norm 0.000000 -1.000000 0.000000
norm 0.000000 -1.000000 0.000000
norm 0.816492 -0.408246 -0.408246
norm 0.707083 -0.707083 0.000000
norm 0.707083 -0.707083 0.000000
norm 0.000000 -1.000000 0.000000
norm 0.000000 -0.707083 0.707083
norm 0.707083 -0.707083 0.000000
norm 0.408246 -0.816492 0.408246
norm 0.707083 0.000000 -0.707083
norm 1.000000 0.000000 0.000000
norm 1.000000 0.000000 0.000000
norm 0.707083 0.000000 -0.707083
norm 1.000000 0.000000 0.000000
norm 1.000000 0.000000 0.000000
norm 1.000000 0.000000 0.000000
norm 0.707083 0.000000 0.707083
norm 1.000000 0.000000 0.000000
norm 0.599994 0.000000 0.799982
norm 0.000000 0.000000 1.000000
norm 0.000000 0.000000 1.000000
norm 0.000000 0.000000 1.000000
norm 0.000000 0.000000 1.000000
norm 0.000000 0.000000 1.000000
norm 0.000000 0.000000 1.000000
norm 0.000000 0.000000 -1.000000
norm 0.000000 0.000000 -1.000000
norm 0.000000 0.000000 -1.000000
norm 0.000000 0.000000 -1.000000
norm 0.000000 0.000000 -1.000000
norm 0.000000 0.000000 -1.000000
norm 0.000000 1.000000 0.000000
norm 0.000000 1.000000 0.000000
norm 0.000000 1.000000 0.000000
norm 0.000000 1.000000 0.000000
norm 0.000000 1.000000 0.000000
norm 0.000000 1.000000 0.000000
norm 0.000000 1.000000 0.000000
norm 0.000000 1.000000 0.000000
norm 0.000000 1.000000 0.000000
norm 0.000000 1.000000 0.000000
norm 0.000000 1.000000 0.000000
norm 0.000000 1.000000 0.000000
norm 0.000000 1.000000 0.000000
norm 0.000000 1.000000 0.000000
norm 0.000000 1.000000 0.000000
norm 0.000000 1.000000 0.000000
norm 0.000000 1.000000 0.000000
norm 0.000000 1.000000 0.000000
norm 0.000000 1.000000 0.000000
norm 0.000000 1.000000 0.000000
norm 0.000000 1.000000 0.000000
norm 0.000000 1.000000 0.000000
norm 0.000000 1.000000 0.000000
norm 0.000000 1.000000 0.000000
norm -0.000000 1.000000 0.000000
norm -0.000000 1.000000 0.000000
norm -0.000000 1.000000 0.000000
norm 0.000000 1.000000 0.000000
norm 0.000000 1.000000 0.000000
norm 0.000000 1.000000 0.000000
norm 0.000000 1.000000 0.000000
norm 0.000000 1.000000 0.000000
norm 0.000000 1.000000 0.000000
norm 0.000000 1.000000 0.000000
norm 0.000000 1.000000 0.000000
norm 0.000000 1.000000 0.000000
norm 0.000000 1.000000 0.000000
norm 0.000000 1.000000 0.000000
norm 0.000000 1.000000 0.000000
norm 0.000000 1.000000 0.000000
norm 0.000000 1.000000 0.000000
norm 0.000000 1.000000 0.000000
norm 0.000000 1.000000 0.000000
norm 0.000000 1.000000 0.000000
norm 0.000000 1.000000 0.000000
norm 0.000000 1.000000 0.000000
norm 0.000000 1.000000 0.000000
norm 0.000000 1.000000 0.000000
norm 0.000000 1.000000 0.000000
norm 0.000000 1.000000 0.000000
norm 0.000000 1.000000 0.000000
norm 0.000000 1.000000 0.000000
norm 0.000000 1.000000 0.000000
norm 0.000000 1.000000 0.000000
norm 0.000000 1.000000 0.000000
norm 0.000000 1.000000 0.000000
norm 0.000000 1.000000 0.000000
norm 0.000000 1.000000 0.000000
norm 0.000000 1.000000 0.000000
norm 0.000000 1.000000 0.000000
norm 0.000000 1.000000 0.000000
norm 0.000000 1.000000 0.000000
norm 0.000000 1.000000 0.000000
norm 0.000000 1.000000 0.000000
norm 0.000000 1.000000 0.000000
norm 0.000000 1.000000 0.000000
norm 0.000000 1.000000 0.000000
norm 0.000000 1.000000 0.000000
norm 0.000000 1.000000 0.000000
norm 0.000000 1.000000 0.000000
norm 0.000000 1.000000 0.000000
norm 0.000000 1.000000 0.000000
norm 0.000000 1.000000 0.000000
norm 0.000000 1.000000 0.000000
norm 0.000000 1.000000 0.000000
norm 0.000000 1.000000 0.000000
norm 0.000000 1.000000 0.000000
norm 0.000000 1.000000 0.000000
norm 0.000000 1.000000 0.000000
norm 0.000000 1.000000 0.000000
norm 0.000000 1.000000 0.000000
norm 0.000000 1.000000 0.000000
norm 0.000000 1.000000 0.000000
norm 0.000000 1.000000 0.000000
norm 0.000000 1.000000 0.000000
norm 0.000000 1.000000 0.000000
norm 0.000000 1.000000 0.000000
norm 0.000000 1.000000 0.000000
norm 0.000000 1.000000 0.000000
norm 0.000000 1.000000 0.000000
norm 0.000000 1.000000 0.000000
norm 0.000000 1.000000 0.000000
norm 0.000000 1.000000 0.000000
norm 0.000000 1.000000 0.000000
norm 0.000000 1.000000 0.000000
norm 0.000000 1.000000 0.000000
norm -1.000000 0.000000 -0.000000
norm -1.000000 0.000000 -0.000000
norm -1.000000 0.000000 -0.000000
norm -1.000000 0.000000 -0.000000
norm -1.000000 0.000000 -0.000000
norm -1.000000 0.000000 -0.000000
norm -1.000000 0.000000 -0.000000
norm -1.000000 0.000000 -0.000000
norm -1.000000 0.000000 -0.000000
norm -1.000000 0.000000 -0.000000
norm -1.000000 0.000000 -0.000000
norm -1.000000 0.000000 -0.000000
norm -1.000000 0.000000 -0.000000
norm -1.000000 0.000000 -0.000000
norm -1.000000 0.000000 -0.000000
norm -1.000000 0.000000 -0.000000
norm -1.000000 0.000000 -0.000000
norm -1.000000 0.000000 -0.000000
norm -1.000000 0.000000 -0.000000
norm -1.000000 0.000000 -0.000000
norm -1.000000 0.000000 -0.000000
norm -1.000000 0.000000 -0.000000
norm -1.000000 0.000000 -0.000000
norm -1.000000 0.000000 -0.000000
norm -1.000000 0.000000 -0.000000
norm -1.000000 0.000000 -0.000000
norm -1.000000 0.000000 -0.000000
norm -1.000000 0.000000 -0.000000
norm -1.000000 0.000000 -0.000000
norm -1.000000 0.000000 -0.000000
norm -1.000000 0.000000 -0.000000
norm -1.000000 0.000000 -0.000000
norm -1.000000 0.000000 -0.000000
norm -1.000000 0.000000 -0.000000
norm -1.000000 0.000000 -0.000000
norm -1.000000 0.000000 -0.000000
norm -1.000000 0.000000 0.000000
norm -1.000000 0.000000 0.000000
norm -1.000000 0.000000 0.000000
norm -1.000000 0.000000 -0.000000
norm -1.000000 0.000000 -0.000000
norm -1.000000 0.000000 -0.000000
norm -1.000000 0.000000 -0.000000
norm -1.000000 0.000000 -0.000000
norm -1.000000 0.000000 -0.000000
norm -1.000000 0.000000 -0.000000
norm -1.000000 0.000000 -0.000000
norm -1.000000 0.000000 -0.000000
norm 1.000000 -0.000000 0.000000
norm 1.000000 -0.000000 0.000000
norm 1.000000 -0.000000 0.000000
norm 1.000000 0.000000 -0.000000
norm 1.000000 0.000000 -0.000000
norm 1.000000 0.000000 -0.000000
norm 1.000000 0.000000 -0.000000
norm 1.000000 0.000000 -0.000000
norm 1.000000 0.000000 -0.000000
norm 1.000000 -0.000000 0.000000
norm 1.000000 -0.000000 0.000000
norm 1.000000 -0.000000 0.000000
norm 1.000000 0.000000 -0.000000
norm 1.000000 0.000000 -0.000000
norm 1.000000 0.000000 -0.000000
norm 1.000000 -0.000000 -0.000000
norm 1.000000 -0.000000 -0.000000
norm 1.000000 -0.000000 -0.000000
norm 1.000000 -0.000000 -0.000000
norm 1.000000 -0.000000 -0.000000
norm 1.000000 -0.000000 -0.000000
norm 1.000000 -0.000000 -0.000000
norm 1.000000 -0.000000 -0.000000
norm 1.000000 -0.000000 -0.000000
norm 1.000000 -0.000000 -0.000000
norm 1.000000 -0.000000 -0.000000
norm 1.000000 -0.000000 -0.000000
norm 1.000000 -0.000001 0.000000
norm 1.000000 -0.000001 0.000000
norm 1.000000 -0.000001 0.000000
norm 1.000000 -0.000001 -0.000000
norm 1.000000 -0.000001 -0.000000
norm 1.000000 -0.000001 -0.000000
norm 1.000000 -0.000001 -0.000000
norm 1.000000 -0.000001 -0.000000
norm 1.000000 -0.000001 -0.000000
norm 1.000000 -0.000000 -0.000000
norm 1.000000 -0.000000 -0.000000
norm 1.000000 -0.000000 -0.000000
norm 1.000000 -0.000000 -0.000000
norm 1.000000 -0.000000 -0.000000
norm 1.000000 -0.000000 -0.000000
norm 1.000000 -0.000000 -0.000000
norm 1.000000 -0.000000 -0.000000
norm 1.000000 -0.000000 -0.000000
norm 1.000000 -0.000000 -0.000000
norm 1.000000 -0.000000 -0.000000
norm 1.000000 -0.000000 -0.000000
norm -0.000000 -0.000000 1.000000
norm -0.000000 -0.000000 1.000000
norm -0.000000 -0.000000 1.000000
norm 0.000000 -0.000000 1.000000
norm 0.000000 -0.000000 1.000000
norm 0.000000 -0.000000 1.000000
norm -0.000000 -0.000000 1.000000
norm -0.000000 -0.000000 1.000000
norm -0.000000 -0.000000 1.000000
norm 0.000000 -0.000000 1.000000
norm 0.000000 -0.000000 1.000000
norm 0.000000 -0.000000 1.000000
norm -0.000000 0.000000 1.000000
norm -0.000000 0.000000 1.000000
norm -0.000000 0.000000 1.000000
norm 0.000000 -0.000000 1.000000
norm 0.000000 -0.000000 1.000000
norm 0.000000 -0.000000 1.000000
norm -0.000000 0.000000 1.000000
norm -0.000000 0.000000 1.000000
norm -0.000000 0.000000 1.000000
norm 0.000000 -0.000000 1.000000
norm 0.000000 -0.000000 1.000000
norm 0.000000 -0.000000 1.000000
norm -0.000000 0.000000 1.000000
norm -0.000000 0.000000 1.000000
norm -0.000000 0.000000 1.000000
norm 0.000000 -0.000000 1.000000
norm 0.000000 -0.000000 1.000000
norm 0.000000 -0.000000 1.000000
norm -0.000000 0.000000 1.000000
norm -0.000000 0.000000 1.000000
norm -0.000000 0.000000 1.000000
norm 0.000000 -0.000000 1.000000
norm 0.000000 -0.000000 1.000000
norm 0.000000 -0.000000 1.000000
norm -0.000000 0.000000 1.000000
norm -0.000000 0.000000 1.000000
norm -0.000000 0.000000 1.000000
norm 0.000000 -0.000000 1.000000
norm 0.000000 -0.000000 1.000000
norm 0.000000 -0.000000 1.000000
norm -0.000000 0.000000 1.000000
norm -0.000000 0.000000 1.000000
norm -0.000000 0.000000 1.000000
norm 0.000000 -0.000000 1.000000
norm 0.000000 -0.000000 1.000000
norm 0.000000 -0.000000 1.000000
norm 0.000000 0.000000 -1.000000
norm 0.000000 0.000000 -1.000000
norm 0.000000 0.000000 -1.000000
norm 0.000000 -0.000000 -1.000000
norm 0.000000 -0.000000 -1.000000
norm 0.000000 -0.000000 -1.000000
norm 0.000000 0.000000 -1.000000
norm 0.000000 0.000000 -1.000000
norm 0.000000 0.000000 -1.000000
norm 0.000000 -0.000000 -1.000000
norm 0.000000 -0.000000 -1.000000
norm 0.000000 -0.000000 -1.000000
norm 0.000000 0.000000 -1.000000
norm 0.000000 0.000000 -1.000000
norm 0.000000 0.000000 -1.000000
norm 0.000000 -0.000000 -1.000000
norm 0.000000 -0.000000 -1.000000
norm 0.000000 -0.000000 -1.000000
norm 0.000000 0.000000 -1.000000
norm 0.000000 0.000000 -1.000000
norm 0.000000 0.000000 -1.000000
norm 0.000000 -0.000000 -1.000000
norm 0.000000 -0.000000 -1.000000
norm 0.000000 -0.000000 -1.000000
norm 0.000000 0.000000 -1.000000
norm 0.000000 0.000000 -1.000000
norm 0.000000 0.000000 -1.000000
norm 0.000000 -0.000000 -1.000000
norm 0.000000 -0.000000 -1.000000
norm 0.000000 -0.000000 -1.000000
norm 0.000000 0.000000 -1.000000
norm 0.000000 0.000000 -1.000000
norm 0.000000 0.000000 -1.000000
norm 0.000000 -0.000000 -1.000000
norm 0.000000 -0.000000 -1.000000
norm 0.000000 -0.000000 -1.000000
norm 0.000000 0.000000 -1.000000
norm 0.000000 0.000000 -1.000000
norm 0.000000 0.000000 -1.000000
norm 0.000000 -0.000000 -1.000000
norm 0.000000 -0.000000 -1.000000
norm 0.000000 -0.000000 -1.000000
norm 0.000000 0.000000 -1.000000
norm 0.000000 0.000000 -1.000000
norm 0.000000 0.000000 -1.000000
norm 0.000000 -0.000000 -1.000000
norm 0.000000 -0.000000 -1.000000
norm 0.000000 -0.000000 -1.000000
uv 0.000000 0.250000
uv 0.250000 0.250000
uv 0.250000 0.500000
uv 0.000000 0.500000
uv 0.500000 0.250000
uv 0.500000 0.500000
uv 0.000000 0.000000
uv 0.250000 0.000000
uv 0.500000 -0.000000
uv 0.750000 0.250000
uv 0.750000 0.500000
uv 1.000000 0.250000
uv 1.000000 0.500000
uv 0.750000 -0.000000
uv 1.000000 0.000000
uv 0.000000 0.750000
uv 0.250000 0.750000
uv 0.500000 0.750000
uv 0.000000 0.500000
uv 0.250000 0.500000
uv 0.500000 0.500000
uv 0.750000 0.750000
uv 1.000000 0.750000
uv 0.750000 0.500000
uv 1.000000 0.500000
uv 0.000000 0.250000
uv 0.250000 0.250000
uv 0.500000 0.250000
uv 0.000000 0.000000
uv 0.250000 0.000000
uv 0.500000 0.000000
uv 0.750000 0.250000
uv 1.000000 0.250000
uv 0.750000 -0.000000
uv 1.000000 0.000000
uv 0.000000 0.750000
uv 0.250000 0.750000
uv 0.500000 0.750000
uv 0.000000 0.500000
uv 0.250000 0.500000
uv 0.500000 0.500000
uv 0.750000 0.750000
uv 1.000000 0.750000
uv 0.750000 0.500000
uv 1.000000 0.500000
uv 0.250000 0.750000
uv 0.500000 0.750000
uv 0.250000 0.500000
uv 0.500000 0.500000
uv 0.750000 0.750000
uv 0.750000 0.500000
uv 0.500000 0.750000
uv 0.750000 0.750000
uv 0.500000 0.500000
uv 0.750000 0.500000
uv 0.500000 0.250000
uv 0.750000 0.250000
uv 0.000000 0.750000
uv 0.250000 0.750000
uv 0.250000 1.000000
uv 0.000000 0.750000
uv 0.250000 1.000000
uv 0.000000 1.000000
uv 0.250000 0.750000
uv 0.500000 0.750000
uv 0.500000 1.000000
uv 0.250000 0.750000
uv 0.500000 1.000000
uv 0.250000 1.000000
uv 0.000000 0.500000
uv 0.250000 0.500000
uv 0.250000 0.750000
uv 0.000000 0.500000
uv 0.250000 0.750000
uv 0.000000 0.750000
uv 0.250000 0.500000
uv 0.500000 0.500000
uv 0.500000 0.750000
uv 0.250000 0.500000
uv 0.500000 0.750000
uv 0.250000 0.750000
uv 0.500000 0.750000
uv 0.750000 0.750000
uv 0.750000 1.000000
uv 0.500000 0.750000
uv 0.750000 1.000000
uv 0.500000 1.000000
uv 0.750000 0.750000
uv 1.000000 0.750000
uv 1.000000 1.000000
uv 0.750000 0.750000
uv 1.000000 1.000000
uv 0.750000 1.000000
uv 0.500000 0.500000
uv 0.750000 0.500000
uv 0.750000 0.750000
uv 0.500000 0.500000
uv 0.750000 0.750000
uv 0.500000 0.750000
uv 0.750000 0.500000
uv 1.000000 0.500000
uv 1.000000 0.750000
uv 0.750000 0.500000
uv 1.000000 0.750000
uv 0.750000 0.750000
uv 0.000000 0.250000
uv 0.250000 0.250000
uv 0.000000 0.500000
uv 0.250000 0.250000
uv 0.250000 0.500000
uv 0.000000 0.500000
uv 0.250000 0.250000
uv 0.500000 0.250000
uv 0.500000 0.500000
uv 0.250000 0.250000
uv 0.500000 0.500000
uv 0.250000 0.500000
uv 0.000000 0.000000
uv 0.250000 0.000000
uv 0.000000 0.250000
uv 0.250000 0.000000
uv 0.250000 0.250000
uv 0.000000 0.250000
uv 0.250000 0.000000
uv 0.500000 0.000000
uv 0.250000 0.250000
uv 0.500000 0.000000
uv 0.500000 0.250000
uv 0.250000 0.250000
uv 0.500000 0.250000
uv 0.750000 0.250000
uv 0.500000 0.500000
uv 0.750000 0.250000
uv 0.750000 0.500000
uv 0.500000 0.500000
uv 0.750000 0.250000
uv 1.000000 0.250000
uv 1.000000 0.500000
uv 0.750000 0.250000
uv 1.000000 0.500000
uv 0.750000 0.500000
uv 0.500000 0.000000
uv 0.750000 0.000000
uv 0.500000 0.250000
uv 0.750000 0.000000
uv 0.750000 0.250000
uv 0.500000 0.250000
uv 0.750000 0.000000
uv 1.000000 0.000000
uv 0.750000 0.250000
uv 1.000000 0.000000
uv 1.000000 0.250000
uv 0.750000 0.250000
uv 0.000000 0.750000
uv 0.250000 0.750000
uv 0.250000 1.000000
uv 0.000000 0.750000
uv 0.250000 1.000000
uv 0.000000 1.000000
uv 0.250000 0.750000
uv 0.500000 0.750000
uv 0.500000 1.000000
uv 0.250000 0.750000
uv 0.500000 1.000000
uv 0.250000 1.000000
uv 0.000000 0.500000
uv 0.250000 0.500000
uv 0.250000 0.750000
uv 0.000000 0.500000
uv 0.250000 0.750000
uv 0.000000 0.750000
uv 0.250000 0.500000
uv 0.500000 0.500000
uv 0.500000 0.750000
uv 0.250000 0.500000
uv 0.500000 0.750000
uv 0.250000 0.750000
uv 0.500000 0.750000
uv 0.750000 0.750000
uv 0.750000 1.000000
uv 0.500000 0.750000
uv 0.750000 1.000000
uv 0.500000 1.000000
uv 0.750000 0.750000
uv 1.000000 0.750000
uv 1.000000 1.000000
uv 0.750000 0.750000
uv 1.000000 1.000000
uv 0.750000 1.000000
uv 0.500000 0.500000
uv 0.750000 0.500000
uv 0.750000 0.750000
uv 0.500000 0.500000
uv 0.750000 0.750000
uv 0.500000 0.750000
uv 0.750000 0.500000
uv 1.000000 0.500000
uv 1.000000 0.750000
uv 0.750000 0.500000
uv 1.000000 0.750000
uv 0.750000 0.750000
uv 0.000000 0.250000
uv 0.250000 0.250000
uv 0.000000 0.500000
uv 0.250000 0.250000
uv 0.250000 0.500000
uv 0.000000 0.500000
uv 0.250000 0.250000
uv 0.500000 0.250000
uv 0.250000 0.500000
uv 0.500000 0.250000
uv 0.500000 0.500000
uv 0.250000 0.500000
uv 0.000000 0.000000
uv 0.250000 0.000000
uv 0.000000 0.250000
uv 0.250000 0.000000
uv 0.250000 0.250000
uv 0.000000 0.250000
uv 0.250000 0.000000
uv 0.500000 0.000000
uv 0.250000 0.250000
uv 0.500000 0.000000
uv 0.500000 0.250000
uv 0.250000 0.250000
uv 0.500000 0.250000
uv 0.750000 0.250000
uv 0.500000 0.500000
uv 0.750000 0.250000
uv 0.750000 0.500000
uv 0.500000 0.500000
uv 0.750000 0.250000
uv 1.000000 0.250000
uv 0.750000 0.500000
uv 1.000000 0.250000
uv 1.000000 0.500000
uv 0.750000 0.500000
uv 0.500000 0.000000
uv 0.750000 0.000000
uv 0.500000 0.250000
uv 0.750000 0.000000
uv 0.750000 0.250000
uv 0.500000 0.250000
uv 0.750000 0.000000
uv 1.000000 0.000000
uv 0.750000 0.250000
uv 1.000000 0.000000
uv 1.000000 0.250000
uv 0.750000 0.250000
uv -0.000000 0.250000
uv 0.250000 0.250000
uv 0.000000 0.500000
uv 0.250000 0.250000
uv 0.250000 0.500000
uv 0.000000 0.500000
uv 0.250000 0.250000
uv 0.500000 0.250000
uv 0.250000 0.500000
uv 0.500000 0.250000
uv 0.500000 0.500000
uv 0.250000 0.500000
uv 0.000000 0.000000
uv 0.250000 -0.000000
uv 0.250000 0.250000
uv 0.000000 0.000000
uv 0.250000 0.250000
uv -0.000000 0.250000
uv 0.250000 -0.000000
uv 0.500000 -0.000000
uv 0.500000 0.250000
uv 0.250000 -0.000000
uv 0.500000 0.250000
uv 0.250000 0.250000
uv 0.500000 0.250000
uv 0.750000 0.250000
uv 0.750000 0.500000
uv 0.500000 0.250000
uv 0.750000 0.500000
uv 0.500000 0.500000
uv 0.750000 0.250000
uv 1.000000 0.250000
uv 1.000000 0.500000
uv 0.750000 0.250000
uv 1.000000 0.500000
uv 0.750000 0.500000
uv 0.500000 -0.000000
uv 0.750000 -0.000000
uv 0.750000 0.250000
uv 0.500000 -0.000000
uv 0.750000 0.250000
uv 0.500000 0.250000
uv 0.750000 -0.000000
uv 1.000000 0.000000
uv 1.000000 0.250000
uv 0.750000 -0.000000
uv 1.000000 0.250000
uv 0.750000 0.250000
uv 0.000000 0.750000
uv 0.250000 0.750000
uv 0.250000 1.000000
uv 0.000000 0.750000
uv 0.250000 1.000000
uv 0.000000 1.000000
uv 0.250000 0.750000
uv 0.500000 0.750000
uv 0.500000 1.000000
uv 0.250000 0.750000
uv 0.500000 1.000000
uv 0.250000 1.000000
uv 0.000000 0.500000
uv 0.250000 0.500000
uv 0.250000 0.750000
uv 0.000000 0.500000
uv 0.250000 0.750000
uv 0.000000 0.750000
uv 0.250000 0.500000
uv 0.500000 0.500000
uv 0.500000 0.750000
uv 0.250000 0.500000
uv 0.500000 0.750000
uv 0.250000 0.750000
uv 0.000000 0.250000
uv 0.250000 0.250000
uv 0.250000 0.500000
uv 0.000000 0.250000
uv 0.250000 0.500000
uv 0.000000 0.500000
uv 0.250000 0.250000
uv 0.500000 0.250000
uv 0.500000 0.500000
uv 0.250000 0.250000
uv 0.500000 0.500000
uv 0.250000 0.500000
uv 0.000000 0.000000
uv 0.250000 0.000000
uv 0.250000 0.250000
uv 0.000000 0.000000
uv 0.250000 0.250000
uv 0.000000 0.250000
uv 0.250000 0.000000
uv 0.500000 0.000000
uv 0.500000 0.250000
uv 0.250000 0.000000
uv 0.500000 0.250000
uv 0.250000 0.250000
vertexGroup first
vertexIndexCount 96
face 105 106 107
face 108 109 110
face 111 112 113
face 114 115 116
face 117 118 119
face 120 121 122
face 123 124 125
face 126 127 128
face 129 130 131
face 132 133 134
face 135 136 137
face 138 139 140
face 141 142 143
face 144 145 146
face 147 148 149
face 150 151 152
face 25 26 18
face 26 19 18
face 26 27 19
face 27 20 19
face 28 29 25
face 29 26 25
face 29 30 26
face 30 27 26
face 27 31 20
face 31 23 20
face 31 32 23
face 32 24 23
face 30 33 27
face 33 31 27
face 33 34 31
face 34 32 31
face 35 36 28
face 36 29 28
face 36 37 29
face 37 30 29
face 38 39 35
face 39 36 35
face 39 40 36
face 40 37 36
face 37 41 30
face 41 33 30
face 41 42 33
face 42 34 33
face 40 43 37
face 43 41 37
face 43 44 41
face 44 42 41
face 201 202 203
face 204 205 206
face 207 208 209
face 210 211 212
face 213 214 215
face 216 217 218
face 219 220 221
face 222 223 224
face 225 226 227
face 228 229 230
face 231 232 233
face 234 235 236
face 237 238 239
face 240 241 242
face 243 244 245
face 246 247 248
face 42 45 32
face 42 32 34
face 45 46 24
face 45 24 32
face 44 47 45
face 44 45 42
face 47 48 46
face 47 46 45
face 249 250 251
face 252 253 254
face 255 256 257
face 258 259 260
face 261 262 263
face 264 265 266
face 267 268 269
face 270 271 272
face 321 322 323
face 324 325 326
face 327 328 329
face 330 331 332
face 333 334 335
face 336 337 338
face 339 340 341
face 342 343 344
face 55 56 54
face 55 54 53
face 56 25 18
face 56 18 54
face 38 35 56
face 38 56 55
face 35 28 25
face 35 25 56
end
vertexGroup second
vertexIndexCount 96
face 57 58 59
face 60 61 62
face 63 64 65
face 66 67 68
face 69 70 71
face 72 73 74
face 75 76 77
face 78 79 80
face 81 82 83
face 84 85 86
face 87 88 89
face 90 91 92
face 93 94 95
face 96 97 98
face 99 100 101
face 102 103 104
face 153 154 155
face 156 157 158
face 159 160 161
face 162 163 164
face 165 166 167
face 168 169 170
face 171 172 173
face 174 175 176
face 177 178 179
face 180 181 182
face 183 184 185
face 186 187 188
face 189 190 191
face 192 193 194
face 195 196 197
face 198 199 200
face 0 1 2
face 0 2 3
face 1 4 5
face 1 5 2
face 6 7 1
face 6 1 0
face 7 8 4
face 7 4 1
face 4 9 10
face 4 10 5
face 9 11 12
face 9 12 10
face 8 13 9
face 8 9 4
face 13 14 11
face 13 11 9
face 15 16 6
face 16 7 6
face 16 17 8
face 16 8 7
face 18 19 15
face 19 16 15
face 19 20 16
face 20 17 16
face 17 21 13
face 17 13 8
face 21 22 13
face 22 14 13
face 20 23 17
face 23 21 17
face 23 24 21
face 24 22 21
face 46 49 22
face 46 22 24
face 49 11 14
face 49 14 22
face 48 50 49
face 48 49 46
face 50 12 11
face 50 11 49
face 273 274 275
face 276 277 278
face 279 280 281
face 282 283 284
face 285 286 287
face 288 289 290
face 291 292 293
face 294 295 296
face 297 298 299
face 300 301 302
face 303 304 305
face 306 307 308
face 309 310 311
face 312 313 314
face 315 316 317
face 318 319 320
face 51 52 0
face 51 0 3
face 52 15 6
face 52 6 0
face 53 54 52
face 53 52 51
face 54 18 52
face 18 15 52
end
end
